2.444862299014224138e+00
2.610144396854940041e+01
2.364711046788042026e+01
2.444744374690649380e+01
2.059811687290375204e+01
2.282353876119152503e+01
2.254865031925540819e+01
2.551889566566597267e+01
2.315445137985818391e+01
2.042674981926852951e+01
2.256325196265575528e+01
2.351399330957878320e+01
2.410418441599625794e+01
2.351821650876515335e+01
2.315539992115613899e+01
2.108013648100387982e+01
2.312531428792225086e+01
2.628534253271335430e+01
2.347594093399469983e+01
2.164311382879583334e+01
2.048151196083225045e+01
2.314018051446344515e+01
2.540927428501613150e+01
2.148158302232848627e+01
2.085182089578247400e+01
2.132411484402239665e+01
2.294570302069044487e+01
2.450422730877402699e+01
2.497308159323380394e+01
2.368315674280624705e+01
2.390122819286866118e+01
2.338280248177809284e+01
2.236350009787236459e+01
2.262366232047603631e+01
2.420402279462155803e+01
2.175092196961075430e+01
2.385495527333549859e+01
2.255886048211505113e+01
2.391966930037113315e+01
2.347547768393284784e+01
2.050393221463614779e+01
2.371495767699942192e+01
2.425363754076792588e+01
2.452539117438357863e+01
2.439037865831356910e+01
2.319949526234745463e+01
2.422080294447538051e+01
2.186871704291343832e+01
2.450545962648837417e+01
2.020715612098032210e+01
2.239780399460077120e+01
2.371274780654637837e+01
2.326483245161490032e+01
2.147171913972445623e+01
2.105009719517922662e+01
2.226411403217472795e+01
2.244280920560002457e+01
2.502689161296196119e+01
2.362614005479728263e+01
2.170805348313349015e+01
2.462538065018516775e+01
2.221664387404569752e+01
2.276420748344845535e+01
2.013007055079839347e+01
2.432592421908269742e+01
2.003462130007097741e+01
2.440568787217569380e+01
2.199202494756934811e+01
2.150345141801404836e+01
2.085633439286701929e+01
2.134422943407363249e+01
2.331488122769654225e+01
2.109527744277890093e+01
2.180075033510641447e+01
2.380369537210696151e+01
2.089003515827465662e+01
2.172767336511603631e+01
2.468145166806697688e+01
2.305865432266882209e+01
2.287014543895905305e+01
2.474549679453805595e+01
2.323106927213794037e+01
1.989426614489918776e+01
2.400312604534018845e+01
2.443945024119706133e+01
2.220064785103022231e+01
2.136278701490902066e+01
2.206980951408087677e+01
1.940370672409011732e+01
2.181252082422151162e+01
2.299159924975529634e+01
2.116397434075207329e+01
2.207855295588489142e+01
2.322158858424851147e+01
1.979690329652873615e+01
2.347101279533537976e+01
2.224981529692496096e+01
2.267298415973432313e+01
2.174966000931444654e+01
2.189142528351113626e+01
2.122385058496923804e+01
2.431342611197752390e+01
1.908268737146726579e+01
2.464540038592286919e+01
2.079301398517058885e+01
1.812581824898262539e+01
1.964119382572665984e+01
2.361875993987648314e+01
2.073854040483678673e+01
2.518171334720194210e+01
2.348673990373345077e+01
2.363097379497865091e+01
2.130918075420126101e+01
2.047193019853403584e+01
2.197591574875812626e+01
2.349466253431464580e+01
2.305978638579095374e+01
2.348129936986752853e+01
2.206869547798685005e+01
2.521889688377613581e+01
2.374262050565743465e+01
1.959134953046642735e+01
2.165521652054230373e+01
2.205596426610220462e+01
2.210520068799496940e+01
2.774979989579957262e+01
2.101794135210342773e+01
2.265772373824303187e+01
2.510240964291106280e+01
2.100646435553703029e+01
2.244982491953540205e+01
2.122317526909480634e+01
2.059184427794719596e+01
2.208349582468371608e+01
2.382409014615569376e+01
2.308897767527487588e+01
2.237064020028991607e+01
2.062370350375444872e+01
2.135746861166723320e+01
2.321323017257493149e+01
2.320084970739452146e+01
2.141788061311338609e+01
2.160746997727410701e+01
2.105898051332994925e+01
2.198242341086361407e+01
2.127289832464323638e+01
2.280774680479620997e+01
2.150331864040236596e+01
2.342190552931691627e+01
2.272995733859461609e+01
2.532144942287269274e+01
2.272361268607726004e+01
2.178812756052656141e+01
2.254899750138051928e+01
2.234575807912055723e+01
2.427918562741270492e+01
2.179538312725008709e+01
2.334033033126057433e+01
2.531646760194870538e+01
2.292056276936341774e+01
2.698086678516133219e+01
2.473411961743772380e+01
2.194156865274077717e+01
2.189258089045422295e+01
2.013148998311799431e+01
2.469318681183984054e+01
2.074077477218461141e+01
2.201279932324317912e+01
2.275432782992203684e+01
2.213685801207526183e+01
2.187936470051642601e+01
2.013576630773658849e+01
2.492857330578290131e+01
2.141810435964898218e+01
2.268573707662195105e+01
2.460740617292107046e+01
2.191397496039701664e+01
2.590233279755273088e+01
2.235680994225957008e+01
2.297349091866362869e+01
2.213490904711548524e+01
2.301153660683642954e+01
2.264255845228174024e+01
2.220096786842920267e+01
1.944167808738313141e+01
2.104359515071837450e+01
2.251356793087554209e+01
2.261233963911715605e+01
2.459818708951708643e+01
2.384105694185630497e+01
2.240757134560677954e+01
2.461973292318487339e+01
2.232478303123695795e+01
2.561207531206646237e+01
2.325559728960780603e+01
2.192890287952482709e+01
2.267449167003601929e+01
2.476518031741667869e+01
2.293095326442489323e+01
2.422670300871653382e+01
2.446220887381726428e+01
2.513858523238947384e+01
2.171433982237386218e+01
2.115741085114807873e+01
2.554808304291201182e+01
2.354227711795534717e+01
2.420635992123336422e+01
2.468786322171587955e+01
2.271204442407885438e+01
2.025665935598359368e+01
2.106319829944333577e+01
2.514133020626072579e+01
2.310631530410394419e+01
2.222333580400226438e+01
2.097485440836242887e+01
2.338515965437054334e+01
2.352915285044791815e+01
2.459509671937840380e+01
2.355229862503691507e+01
2.441210102672014060e+01
2.166021718477101032e+01
2.267173931968119049e+01
2.268645803756291102e+01
2.138297477639064681e+01
2.124946940455707178e+01
2.212274745730485748e+01
2.152618866543248544e+01
2.037969660341185829e+01
2.133586651886086116e+01
2.215503517307737624e+01
2.091695811264628801e+01
2.268828800478596364e+01
2.416293220844462297e+01
2.350029701554354133e+01
2.093546289711607500e+01
2.274172763092416716e+01
2.164284541363400294e+01
2.238747296427096600e+01
2.491925953256340165e+01
2.175717354896766764e+01
2.475341742198304473e+01
2.249717431606867279e+01
2.101210492667808793e+01
2.191828256156532717e+01
2.579771968740509536e+01
2.312805568027894054e+01
2.085744635125354307e+01
2.170198912996726293e+01
2.197705589588534281e+01
2.028125801121108651e+01
2.278168468932794610e+01
2.426543335076575048e+01
2.121814495765189434e+01
2.016461709892781684e+01
2.251169816771959731e+01
2.502532739142864315e+01
2.286908070482575184e+01
2.341179614128402520e+01
2.113547360571686440e+01
2.237324899526127453e+01
2.046207615285981163e+01
2.303433957400405063e+01
2.360603571938047551e+01
2.387949868794838437e+01
2.288396616131809935e+01
2.127647892593963164e+01
2.188021987695301362e+01
2.118244931157941480e+01
2.327406942914386789e+01
2.136930061706809170e+01
2.237051415108223296e+01
2.251244317567869757e+01
2.386104121049468674e+01
1.850023204186422987e+01
2.290031491454377743e+01
2.258548679606746390e+01
2.151935199820102440e+01
2.242068681211906878e+01
2.184429218559409236e+01
2.170896578011236500e+01
2.570810430404685221e+01
2.290905301094886326e+01
2.231542987913165632e+01
2.372903357336781838e+01
2.174730267081037027e+01
2.334857929851456504e+01
2.374073197452425887e+01
2.333407584548242397e+01
2.325350343091234961e+01
2.695666619497233185e+01
2.299292899468634133e+01
2.329196045958834205e+01
2.672879329536161563e+01
2.150111860697219868e+01
2.532643433840964065e+01
2.222376788419043692e+01
2.146881016741394532e+01
2.401943454557574498e+01
2.441091592726847992e+01
2.395852691689114522e+01
2.333759813556076068e+01
2.129684281573653593e+01
2.146466276671048234e+01
1.935127675917093626e+01
2.416497088563055584e+01
2.172128534665396771e+01
2.220092768023121721e+01
2.724696099821725781e+01
2.114116900228119889e+01
1.874801570646018334e+01
1.969325962549952536e+01
2.172181984185315784e+01
2.436133129924848006e+01
2.223399415226556641e+01
2.286412371611812944e+01
2.282234364382582825e+01
2.656442004418642711e+01
2.482670040593434280e+01
2.179748801790413992e+01
1.758647434781776653e+01
2.687262045876788363e+01
2.580574316894513487e+01
2.431193028205856166e+01
2.392677360720911395e+01
2.109838583201118567e+01
2.164696958620819345e+01
2.161485666621938151e+01
2.424059880948168910e+01
2.207674432881794857e+01
2.033717934517861892e+01
2.345847814587010305e+01
1.984463369767478369e+01
2.410726465834047616e+01
2.021208591118278974e+01
2.509183353234956826e+01
2.486388738667925580e+01
2.642460545409068473e+01
2.348758012775452642e+01
2.479825590094617382e+01
2.252384310557720326e+01
2.405887116614951893e+01
2.459698453657906114e+01
2.055634627315170704e+01
2.442659637760654689e+01
2.434117746901164381e+01
2.064552430834269359e+01
2.385142865928842681e+01
2.131140943469482707e+01
2.296643650881811993e+01
2.259017426284009744e+01
2.353575510170412599e+01
2.397862819137018064e+01
2.524733350218850703e+01
2.327110169468636869e+01
2.099433623127605131e+01
2.214899899213914480e+01
2.449356456450291475e+01
2.410781432098785260e+01
2.018172097033084000e+01
2.452547933657825752e+01
2.465437599277305125e+01
2.272687786441473889e+01
1.833313367198450194e+01
2.394017983304252795e+01
2.409429110965758625e+01
2.295630892039638837e+01
2.463320111412272340e+01
2.263555109474892646e+01
2.042450196566730014e+01
2.251774803632448041e+01
2.087117206686085780e+01
2.619505087145107680e+01
2.238182576662616086e+01
2.111298047067490913e+01
2.218668105846940009e+01
2.144560276247062802e+01
1.961902812069955715e+01
2.090394744932295978e+01
2.248868657413429872e+01
2.358734244458754148e+01
1.964623645981192013e+01
2.408597035579374790e+01
2.519287947752491164e+01
2.312752991015780069e+01
2.276704415157587036e+01
1.980777643474570837e+01
2.452509475009183859e+01
2.423195022052569669e+01
2.335840085712933600e+01
2.171498032545525447e+01
2.568617135118212147e+01
2.089489119771943848e+01
2.280309189405047832e+01
2.470429681637240193e+01
2.377362171028341820e+01
2.305640198750423764e+01
2.223629457811206933e+01
2.301074160118509226e+01
1.976592781846513347e+01
2.333507464877170179e+01
2.604039798412606999e+01
2.232780253021934058e+01
2.226539349785242905e+01
2.117650043279192573e+01
2.219710805169165724e+01
2.214110091292633342e+01
2.201776144576820116e+01
2.388275401214174920e+01
2.118872877496946217e+01
1.968901412070635004e+01
2.235406136664268928e+01
2.270203871633972881e+01
2.324827273749502865e+01
2.223711656708816520e+01
2.200349735226787828e+01
2.121597826475035831e+01
2.188251324766638817e+01
2.228897570198842359e+01
2.299360851819666962e+01
2.417814581833716403e+01
2.512398948578578484e+01
2.162662567511294753e+01
1.973693270850640147e+01
2.162401383380277409e+01
2.326940398965371060e+01
1.985183718340657322e+01
2.062209093807284788e+01
2.247819392839319974e+01
2.155450854503431657e+01
2.594609557893141982e+01
2.103137209518876460e+01
2.235614424227579633e+01
2.573028190617471367e+01
2.443245123735696112e+01
2.173326138706013211e+01
2.266192707869571876e+01
2.124546962069578626e+01
2.390197437703062633e+01
2.091009382527031590e+01
2.070252841243859621e+01
2.259916338679005321e+01
2.174982657244385109e+01
2.131022847082021698e+01
2.037877897768671431e+01
2.250818447714136639e+01
2.386272739540098087e+01
2.607679436708335174e+01
2.063913571483202603e+01
2.158301412869170477e+01
2.114541745993932409e+01
2.497055889005433116e+01
2.514479829038152658e+01
2.380474608681803517e+01
2.208689972220454578e+01
2.219260667591766278e+01
2.333576147656891919e+01
2.236367354879807579e+01
2.234255768870079351e+01
2.212012818345998610e+01
2.025075966524790516e+01
2.282507123988188269e+01
2.140443829298932954e+01
2.369246840750984262e+01
2.455162367792296152e+01
2.448013685068664813e+01
2.217433384460996137e+01
2.169823028468590920e+01
2.450752604438044457e+01
2.250673982815795071e+01
2.511731437652291632e+01
2.135940241702268239e+01
2.389359558181569554e+01
2.257235704919983377e+01
2.592402124270340025e+01
2.666374309730112202e+01
2.214982015369056967e+01
2.460823584345229165e+01
2.569079145993565305e+01
2.206724938182822271e+01
2.184641720361119610e+01
2.276476569061624389e+01
2.326162251505310863e+01
2.102461049986564845e+01
2.305819124242588103e+01
2.347682650035568486e+01
2.286070806824059076e+01
1.867643493552544598e+01
2.427162396328941441e+01
2.596530762780205137e+01
2.104317646334727954e+01
2.220459743624157767e+01
2.418261316660343851e+01
2.177520814374475222e+01
2.436884727917577109e+01
2.274625391258172513e+01
1.911016631027319690e+01
2.456695674256815209e+01
2.330770912127096395e+01
2.323509398407772508e+01
1.998245610037216125e+01
2.214660816688783740e+01
2.243050757506046011e+01
2.072081899342427391e+01
2.312797858849299715e+01
2.424850574938334447e+01
2.374770737371010298e+01
2.239994795399812588e+01
2.246014191827943307e+01
2.404158142560019940e+01
2.206216847252519031e+01
2.147401960958938716e+01
2.231766229008805880e+01
2.264356462695459982e+01
2.086308631907568767e+01
2.185328813688524363e+01
2.213728497561814379e+01
2.143347746154194411e+01
2.278675352205282323e+01
2.051334720666758926e+01
2.354599908432383515e+01
2.598504821063401948e+01
2.175397473577488228e+01
2.228862113380291632e+01
2.471767413762970378e+01
2.174250569454773085e+01
2.316316420994827396e+01
2.382346621282958310e+01
2.263440948934004382e+01
2.080109997001961375e+01
2.435602182682742978e+01
2.123372729837884165e+01
2.162446923368947083e+01
2.376675088082870957e+01
2.249698027574499548e+01
2.192618419409328823e+01
2.150447217050520976e+01
2.298830855227369696e+01
2.524700280650928974e+01
2.416179690579323491e+01
2.311159036643349651e+01
2.119840775008238865e+01
2.359559474827188552e+01
2.087268269497404205e+01
2.358995846158669707e+01
2.153970703231741979e+01
2.055223135400093071e+01
2.131252863050066892e+01
2.144046310156256752e+01
2.137005734230065812e+01
2.164094264232836906e+01
2.300427387804392154e+01
2.439473177403621307e+01
2.062850042302373055e+01
2.035815289269135064e+01
2.450799064191418353e+01
2.176936070937251699e+01
2.424459550479955894e+01
2.207395768081669374e+01
2.175603191412449178e+01
2.223095332020792014e+01
2.163179146954827559e+01
2.108653658485480165e+01
2.670009259939773827e+01
2.202798477174716396e+01
2.336683600610038880e+01
1.991460371142823504e+01
2.301639498355013913e+01
2.053955213500704247e+01
2.097118437953564296e+01
2.055412129597279502e+01
2.366356503392580990e+01
2.196972487780302075e+01
2.165750766386687687e+01
2.381028915570600191e+01
2.293939357541440671e+01
2.116748776239147745e+01
2.320162571676749153e+01
2.422953452461874946e+01
2.396756102391836052e+01
2.487663213218188218e+01
2.592314170338568502e+01
2.127131419597442630e+01
2.482349733582541873e+01
2.392984705031107850e+01
2.323829310283819183e+01
2.409902927543466333e+01
2.135518153550290066e+01
2.136126525775901541e+01
2.227364397607269453e+01
2.197786328547424972e+01
2.332344966554210330e+01
2.230591240496696415e+01
2.011068899816630307e+01
2.158453103474484891e+01
2.448861580641776570e+01
2.122676149229988596e+01
2.172553994746544959e+01
2.191905978344166783e+01
2.381229063077962493e+01
2.303062898724828500e+01
2.155529965138174830e+01
2.447623756479486090e+01
2.140697733674039682e+01
2.159614561813205214e+01
2.247769868947223415e+01
2.339050945539448989e+01
2.311332621409593457e+01
2.360138672441586039e+01
2.383917343629266128e+01
2.181178067610330373e+01
2.195258923898204984e+01
2.505136736724029234e+01
2.316061698043463934e+01
2.516985769395387251e+01
2.088232758485462526e+01
2.243089138581389363e+01
2.630222039895619446e+01
2.693744849332615843e+01
2.160135845213137529e+01
2.254569271813037901e+01
2.276892319314461943e+01
2.437599301783057015e+01
2.169982731331412396e+01
2.146127141742834610e+01
1.996771033055640387e+01
2.304331849037186686e+01
2.479524177274742058e+01
2.521762650385283067e+01
2.106288461868057738e+01
2.077549404384923548e+01
2.375792371991676077e+01
2.428204479702667840e+01
2.078157921503432704e+01
2.432985766375364634e+01
2.155424502169545065e+01
1.990400901657177357e+01
2.332068096966597892e+01
2.472989052366563811e+01
2.356489981812526224e+01
2.264901957600316607e+01
2.141856383145457698e+01
2.174931956703938596e+01
2.020492146548449242e+01
2.046407935613447648e+01
2.036987122332604727e+01
2.252081320481841686e+01
2.388886438733686290e+01
2.298419621815324376e+01
2.443885003598906280e+01
2.277285500187407052e+01
2.415494413839569177e+01
2.584857589690769686e+01
2.121589404836219117e+01
2.298321646839686849e+01
2.163199343706824607e+01
2.354621682501066360e+01
2.141119809679151942e+01
2.305706878343075417e+01
2.452265457719077446e+01
2.244771862637409043e+01
2.136503578756212107e+01
2.302125364414251862e+01
2.391200915452095543e+01
2.314363970805369419e+01
2.469162124771446187e+01
2.361908669259492655e+01
2.216170607103247647e+01
2.379459973365274550e+01
2.105201910481607541e+01
2.073692632618853082e+01
2.354224758916528870e+01
2.058700833870241809e+01
2.250519749559019544e+01
2.255797652165097489e+01
2.465375612819508433e+01
2.422914512415757571e+01
2.773647365738619541e+01
2.193270507750398224e+01
2.271033500836228214e+01
1.929367040799037269e+01
2.361754123425991381e+01
2.648492779695448007e+01
2.480175440307270662e+01
2.338646720880506180e+01
2.197795931775903711e+01
2.226864636446300239e+01
2.222788513839243763e+01
2.206303305922691749e+01
2.317198405188633714e+01
2.100710547457694588e+01
2.357300944743342797e+01
1.966736716320452061e+01
2.119587707783310648e+01
2.433148970406284661e+01
2.137361311890079918e+01
2.309393111837731283e+01
2.099774898532808365e+01
2.338763724628320873e+01
2.429166252729607223e+01
1.938237417375583505e+01
2.540542962492289192e+01
2.152611695456053553e+01
2.535546696592822258e+01
1.979372464208713822e+01
2.162457029724506441e+01
2.084061202217117170e+01
2.294294036667699288e+01
2.086768484759648956e+01
2.249777465540268651e+01
2.564211502233260376e+01
2.001831487424782097e+01
2.274707699167928254e+01
2.176036368811277910e+01
1.925578298352904483e+01
2.155037389304341033e+01
2.455943272142155465e+01
2.307192259688140368e+01
2.228367935677744782e+01
2.196596108194898278e+01
2.138592888125612035e+01
2.178105028620622008e+01
2.478261316273639636e+01
2.034522454995973106e+01
2.079922918866790482e+01
2.085742581147983543e+01
2.114559696231268404e+01
2.452559709837256463e+01
2.239046933421570174e+01
2.401007953719474131e+01
2.272300336515434438e+01
2.472110720636685244e+01
2.411840642689994496e+01
2.330581953194081990e+01
2.253631694047981426e+01
1.837587885080145966e+01
2.364531922679294595e+01
2.260938166978504782e+01
2.206119232263292673e+01
1.890459612148087132e+01
2.364805071613083598e+01
2.363476610775535747e+01
2.351410778247544542e+01
2.400340554154826123e+01
2.123289374254018824e+01
2.144268796643363828e+01
2.163736921197925511e+01
2.353896503734840806e+01
2.117578305981295017e+01
2.446471381396515099e+01
2.179318071608108909e+01
2.417629709570218566e+01
2.284645138292017208e+01
2.303069434769787094e+01
2.508139860092328632e+01
2.203184361152695558e+01
2.602485522182704614e+01
2.247560474757415250e+01
2.102259976216338444e+01
2.394451124273243536e+01
2.154176711138173772e+01
2.433517240402115789e+01
2.578852981416102352e+01
2.337256518941585526e+01
2.130997933817713275e+01
2.685694852340971295e+01
2.195472740049765292e+01
2.280639330167967671e+01
1.981074767126811409e+01
2.248832519809020170e+01
2.366212015069857699e+01
2.313269571115084133e+01
2.317645038246650913e+01
2.559439619119177678e+01
2.187346929620771618e+01
2.467445344378851146e+01
2.479486642867250623e+01
2.109148948220444098e+01
2.375273452460404400e+01
2.270402012359790334e+01
2.203287936700478866e+01
2.674835472701330374e+01
2.375082461647600951e+01
2.344388572595264719e+01
1.999389917493252256e+01
2.049532402688342358e+01
2.203184836829285942e+01
2.199220482838336466e+01
2.531939592208847145e+01
2.328714724968886784e+01
2.242162009431428160e+01
2.190463813914605495e+01
2.204738197704305946e+01
2.293664305172135442e+01
2.195545058883086753e+01
2.201113680647582171e+01
2.171641160922003877e+01
2.184309904919289735e+01
2.081559364937320922e+01
2.359974784093910927e+01
2.308769374786470863e+01
1.916404234303858800e+01
2.137155398108468063e+01
1.986165019179675539e+01
2.499950842411877616e+01
2.069145710829657858e+01
2.358828911868027944e+01
2.099440528289842334e+01
2.206019103259126268e+01
2.355587864488136418e+01
2.426149880905149558e+01
2.319482819350481506e+01
2.053826143697288131e+01
2.250059898439297257e+01
2.576933290643805563e+01
2.312445935050928725e+01
2.384473485193290898e+01
2.340378883975050073e+01
2.112797603164920801e+01
2.229009426642063119e+01
2.321947144187351242e+01
1.826886399501393754e+01
2.423056110580649758e+01
2.385835189537339929e+01
2.278278462446842667e+01
2.266022635374829264e+01
2.246645390887339389e+01
2.241952337057533740e+01
2.248998395863002386e+01
2.349431932460133154e+01
2.117429364905332179e+01
2.176770386214419872e+01
2.324753618718579773e+01
2.294744502933487240e+01
2.416531598342641729e+01
2.079859193786369431e+01
2.158987572106621755e+01
2.194384568888702347e+01
2.457653627472615554e+01
2.047007637085929943e+01
2.224992218623482287e+01
1.988824509289963061e+01
2.496059118018625966e+01
2.234490917332208326e+01
2.405097278883143730e+01
2.386920352475452489e+01
2.065706731014621766e+01
2.026388211679984863e+01
2.275369756844954594e+01
2.285960352246679150e+01
2.102748829980933820e+01
2.340418436432629079e+01
2.204359672325721320e+01
2.493251882175674083e+01
2.199866787157904824e+01
2.315802557227731739e+01
2.424619953117062821e+01
2.192763430521567614e+01
2.389385556104202379e+01
2.456357742515671205e+01
2.432157129048423627e+01
2.330445187776720317e+01
2.463108784798676254e+01
1.855758959935833019e+01
2.199548621310592011e+01
2.299582269844476912e+01
2.406959544955605779e+01
2.305552268826218665e+01
2.222295860769524367e+01
2.415372615772188780e+01
2.458914103170736709e+01
2.694197216205040846e+01
2.173359253883661779e+01
2.130072895748535089e+01
2.158318334242480319e+01
2.190475629845272820e+01
2.127707328754571137e+01
2.098855047887403202e+01
2.200162351546144990e+01
2.561911022510842173e+01
2.308876204348463190e+01
2.238475831464270627e+01
2.229096065439588514e+01
2.344642435488802690e+01
2.279393656331301088e+01
2.356994150642661978e+01
2.274295073479277107e+01
2.303590368924054843e+01
2.299321317252664443e+01
2.403489472193052734e+01
2.388361677350918555e+01
2.241189900119811895e+01
2.407849502624567251e+01
2.185251514552150098e+01
2.138220107163730077e+01
2.203778517129476100e+01
2.385267273184597414e+01
2.287724043163181520e+01
2.068660347231915964e+01
2.287084104443268728e+01
2.531567610431092774e+01
2.242872544514003152e+01
2.127734573705252785e+01
2.465919484265037198e+01
2.434248537886738006e+01
2.284011148646231604e+01
2.024214171035524501e+01
2.204908772808710538e+01
2.316306701229012077e+01
2.086453638927495291e+01
2.390928229609323452e+01
2.138925485183658282e+01
2.115238500676215239e+01
2.120614321492735144e+01
2.404662068487167303e+01
2.375450882572712530e+01
2.260832505260063741e+01
2.471146020491514506e+01
2.326542930722237301e+01
2.299144491468728191e+01
2.416467188390104681e+01
2.314569089426492354e+01
2.019738601330749006e+01
2.245390574217473301e+01
2.229203104561951676e+01
2.162855129680169952e+01
2.167012161894306388e+01
2.357732905701034198e+01
2.214432077733914284e+01
2.218906261934031221e+01
2.665510499705420955e+01
2.122420093312575062e+01
2.355024435098291491e+01
2.336984419279734837e+01
2.103329248082260605e+01
2.588064873283664724e+01
2.214263158095668516e+01
2.393062662349385405e+01
2.038358261445031872e+01
2.347802969304614962e+01
2.033936723262397450e+01
2.177701799914558833e+01
2.157357567963450862e+01
2.378434481225577812e+01
2.088279493623722161e+01
1.955162275092770585e+01
2.260920911190149596e+01
2.448322459896669301e+01
2.331782712051267481e+01
2.372616069471598621e+01
2.332339078763447660e+01
2.234689753669295698e+01
2.281620613257776142e+01
2.200370497135881109e+01
2.318973403239049347e+01
2.432752993272904618e+01
2.016820790096872784e+01
2.091976243713526173e+01
2.182966804229862845e+01
2.373652204186753067e+01
2.032990645058067969e+01
2.321839977721489845e+01
2.106534258620060740e+01
2.535006054234916917e+01
2.442015366804841392e+01
2.159012276362451743e+01
2.249988753245055761e+01
2.334212202248216883e+01
2.288007700155649360e+01
2.266691208133542546e+01
2.347327943939520267e+01
2.277787712771242212e+01
2.330978016672862552e+01
2.269203591920674157e+01
2.241936832846328898e+01
2.305493932888927588e+01
2.652590982148273113e+01
2.516421524480297833e+01
2.367567124402437884e+01
1.983736611058045796e+01
2.296164386948104408e+01
2.034428554291351432e+01
2.654769592406420742e+01
2.091205907625651150e+01
2.419939214371349223e+01
2.150034251766623328e+01
2.469704283454496263e+01
2.118418249780006590e+01
2.189292217881589053e+01
2.180779899431550461e+01
2.139015349451725356e+01
2.457405626463177484e+01
2.619630825600863488e+01
2.323042984672876798e+01
2.489360296723500454e+01
2.102652595525103152e+01
2.200355320964876782e+01
2.115041402052997910e+01
2.194408395756262919e+01
2.108143315079533053e+01
2.267408278272513300e+01
