2.457235657038418353e+01
2.643326687048134715e+01
2.402922505806984077e+01
2.486790060934715640e+01
2.087188146335292416e+01
2.299626344057638150e+01
2.288582087609891857e+01
2.540592300446979479e+01
2.282947795672375690e+01
2.038455612270450956e+01
2.229383440380134473e+01
2.363894556399856484e+01
2.485997903310482116e+01
2.363358378098950041e+01
2.329510742844665572e+01
2.106101407141703064e+01
2.315840925228119218e+01
2.649860818100559001e+01
2.378769243682017631e+01
2.233351200029681038e+01
2.067977821289715123e+01
2.326073207488100536e+01
2.530887708034506645e+01
2.158615877176288933e+01
2.094847161212354791e+01
2.077670201047657272e+01
2.330045678171866186e+01
2.500434864016575176e+01
2.541193333738029025e+01
2.359138562720861998e+01
2.412887703435178821e+01
2.290230539551269118e+01
2.207450762115120924e+01
2.278605401836690447e+01
2.390191442891942231e+01
2.089173238319749615e+01
2.394419617664938826e+01
2.308740562286162756e+01
2.411631104974520312e+01
2.332779338738719588e+01
2.065850948749578464e+01
2.382663445471715491e+01
2.421550363322557686e+01
2.412286192207347568e+01
2.450919042191510400e+01
2.315133709081172242e+01
2.434082631256531215e+01
2.201152169079195176e+01
2.480777969915102688e+01
1.998842115065664515e+01
2.261109973337217482e+01
2.348165882277844929e+01
2.342758821982478779e+01
2.092698576186090165e+01
2.081169049628050161e+01
2.175310804841342716e+01
2.249603312800628530e+01
2.542140435557226397e+01
2.364721870005304538e+01
2.180057778160798065e+01
2.485532373899506808e+01
2.259951813642964780e+01
2.267318570596568961e+01
2.019013643589451590e+01
2.457157420598990782e+01
2.001984833267970743e+01
2.453543906241185013e+01
2.194260345116149225e+01
2.127571908669085943e+01
2.126482728972867875e+01
2.135065199174490758e+01
2.364797014520530638e+01
2.099997630032876117e+01
2.182622352019258472e+01
2.363031539022148664e+01
2.067811683134688394e+01
2.186326997584196619e+01
2.515910783472565271e+01
2.290242707237576525e+01
2.278429321040851718e+01
2.415473023023364618e+01
2.345382477637492968e+01
2.021463306722255027e+01
2.450701677011132418e+01
2.411412666691969875e+01
2.182652383070228552e+01
2.163834587711791002e+01
2.227257834020522864e+01
1.923413780929947237e+01
2.130088636168954963e+01
2.323618136205760010e+01
2.126697583743922948e+01
2.243513136825969312e+01
2.351322806056980141e+01
1.930437918568340194e+01
2.341315365156878414e+01
2.230756332986962320e+01
2.336420914323464260e+01
2.151127031945543067e+01
2.214864982225714485e+01
2.101530405088173481e+01
2.474307487180921328e+01
1.919408783510731453e+01
2.499923962863312710e+01
2.056380771564471033e+01
1.734487851061738084e+01
1.910399993893198456e+01
2.400662569595665019e+01
2.059716485103500716e+01
2.555614583236478410e+01
2.356581594865017593e+01
2.334581340561408780e+01
2.147436857806661337e+01
2.070708597443573851e+01
2.196667235418773600e+01
2.353648364681901128e+01
2.303548064766761172e+01
2.317676741644027771e+01
2.220720608557729392e+01
2.506937622325631310e+01
2.393309418200490768e+01
1.981514437801338957e+01
2.143885564632997642e+01
2.166000141446330929e+01
2.198403305521487638e+01
2.784314772569171836e+01
2.123812265273333821e+01
2.248219485892331093e+01
2.524153157562692584e+01
2.109342111818848409e+01
2.217323070123518036e+01
2.086236170656942690e+01
2.057393888084951072e+01
2.295212759858097940e+01
2.387082917169288265e+01
2.312655795682029947e+01
2.286272184735458168e+01
2.064682225928908110e+01
2.168971394474185033e+01
2.325150331008977389e+01
2.274526165144255074e+01
2.166048680371427437e+01
2.164972586750129580e+01
2.034287147053268896e+01
2.162081424677311503e+01
2.163300225818485245e+01
2.277799982354322594e+01
2.185557530958156391e+01
2.347712495062759075e+01
2.244172675784554727e+01
2.562480546472589538e+01
2.299419833878562258e+01
2.165950783308667482e+01
2.224698566955912682e+01
2.238937182122014491e+01
2.487967955308580414e+01
2.196064511442058631e+01
2.359616188954989369e+01
2.492736224069691886e+01
2.283077426314083169e+01
2.716970320021814445e+01
2.478624833076074552e+01
2.156058476873634433e+01
2.154899565762600488e+01
2.017442025761635804e+01
2.446761249928702142e+01
2.042252760015452395e+01
2.157231575198625961e+01
2.244533642183368016e+01
2.228057618497953740e+01
2.178816445184535056e+01
2.011357060539456754e+01
2.489044722815306443e+01
2.146927582491966291e+01
2.269647502594451538e+01
2.412817958605479518e+01
2.194418508518127098e+01
2.611122737330640220e+01
2.293177718839805124e+01
2.286449206244836674e+01
2.194454431942219941e+01
2.252959100269190884e+01
2.235153204704930374e+01
2.169787201353842931e+01
1.931259170268600300e+01
2.071620652737824386e+01
2.216578754174332389e+01
2.258908799512133569e+01
2.474481543865131883e+01
2.388771525163257436e+01
2.198024811458289562e+01
2.454145526354965767e+01
2.238647050064396637e+01
2.528128347497427342e+01
2.320973852170635610e+01
2.174614888617249164e+01
2.278041814606475413e+01
2.524411436658352414e+01
2.245463884378974129e+01
2.402541649486149922e+01
2.461302096681932383e+01
2.553648007154450283e+01
2.137935696204538161e+01
2.184908102822973675e+01
2.533215042049230092e+01
2.363532812388598359e+01
2.423271384255876981e+01
2.501638922954099797e+01
2.270561884468054004e+01
2.073396817650757029e+01
2.042570650110372910e+01
2.507371221792132587e+01
2.282121220062325051e+01
2.256624241693651811e+01
2.096834474038153928e+01
2.300863449470239175e+01
2.376345801921450018e+01
2.515126367173093769e+01
2.353143072940630276e+01
2.454943802553212606e+01
2.187487857958693738e+01
2.256538306283011508e+01
2.255204592166685984e+01
2.155213357926797002e+01
2.158751778646859520e+01
2.183008845226971673e+01
2.215167077108538152e+01
2.062355735811983592e+01
2.126460027016607413e+01
2.291197840055923507e+01
2.151017908103704102e+01
2.269706884303937500e+01
2.439588472742886438e+01
2.335310176279244487e+01
2.124545310292491251e+01
2.221700073081743199e+01
2.133153292696199088e+01
2.209484019067210170e+01
2.470004062488391838e+01
2.190486176138208663e+01
2.458093102786461515e+01
2.278919692281092324e+01
2.109595742522087747e+01
2.192961506578536657e+01
2.610082317546820718e+01
2.305745406614218496e+01
2.106321718002852350e+01
2.157353548648681851e+01
2.186880570063014062e+01
2.031773993675285439e+01
2.287347961606520386e+01
2.424394899272147086e+01
2.169530843664201214e+01
2.033575408603625334e+01
2.251135435317293698e+01
2.530750400743619721e+01
2.287639598203115199e+01
2.338442954551917907e+01
2.114663438020325970e+01
2.288153310066608981e+01
2.024973741770027758e+01
2.267035183611350035e+01
2.370363252668598264e+01
2.318580271316667307e+01
2.250178910046511405e+01
2.079185154811116121e+01
2.158097912333146340e+01
2.139424082474138444e+01
2.342974904158289462e+01
2.156574857474546647e+01
2.219625902537534401e+01
2.223747504318742685e+01
2.461191527604792384e+01
1.914307470256490618e+01
2.322670433889154396e+01
2.231634182236780717e+01
2.174796460663960929e+01
2.217112840355583003e+01
2.151658253367448381e+01
2.220479975164162667e+01
2.541250679821954961e+01
2.362663656627742625e+01
2.254928133706548721e+01
2.430308766635459961e+01
2.202437939714689463e+01
2.361741461011544274e+01
2.363054141176976586e+01
2.324228331615118748e+01
2.300919639563860741e+01
2.671327365021102906e+01
2.272295440106983122e+01
2.309867367847666841e+01
2.651663678129886748e+01
2.159224553154817983e+01
2.510316152880811913e+01
2.226354445877479904e+01
2.148908095117149486e+01
2.413603940361993949e+01
2.457375374636243848e+01
2.347232639755729622e+01
2.312482011988712571e+01
2.132439942394374199e+01
2.132091596384329435e+01
1.968191958265271424e+01
2.439645923014269258e+01
2.150609711497616061e+01
2.238771376491543563e+01
2.763893956544809782e+01
2.120903715990474936e+01
1.871493030569075344e+01
1.931514976347071766e+01
2.187135812173567828e+01
2.477564993841142282e+01
2.178104572478293122e+01
2.306715547996095594e+01
2.323146755710431677e+01
2.669102243164872590e+01
2.479606388041435494e+01
2.193252440123196578e+01
1.707249568713720933e+01
2.664725823903599533e+01
2.631226097678764475e+01
2.431362390654128092e+01
2.377608715137874285e+01
2.123003707787722405e+01
2.145015989137611001e+01
2.127942122445576345e+01
2.404101640618834423e+01
2.177558498890184069e+01
2.092390075133691596e+01
2.306409499185713230e+01
1.923038141309186244e+01
2.408140340440168714e+01
2.037162253858819483e+01
2.498618834557205304e+01
2.525178494179840172e+01
2.610860992197711283e+01
2.383927529286883740e+01
2.480025117253604705e+01
2.269785698164881538e+01
2.394952202802396357e+01
2.446329665987665791e+01
2.047906098862307900e+01
2.403651189064471794e+01
2.392412854033163683e+01
2.062973369636601362e+01
2.367601572460311843e+01
2.101853530309849205e+01
2.259124784573985423e+01
2.280714004561128760e+01
2.342288536059965764e+01
2.373284272700381337e+01
2.524510445250730584e+01
2.339736889799914721e+01
2.090395334022356977e+01
2.219200775330710229e+01
2.425960296638642077e+01
2.392876625242270805e+01
1.988335780342086068e+01
2.392423658971735279e+01
2.509247829514389849e+01
2.249109447660389804e+01
1.813403553936806745e+01
2.432144140181678793e+01
2.408366209289805937e+01
2.335354220381438850e+01
2.486958312663139026e+01
2.285294153064648270e+01
2.004119134260315960e+01
2.220173700038650466e+01
2.061356355898047354e+01
2.645091049398236649e+01
2.232726747235515674e+01
2.099785547173758360e+01
2.197215810771668743e+01
2.167069317153038099e+01
1.973438903229746444e+01
2.082203826185036988e+01
2.216237399922240670e+01
2.388282547673287581e+01
1.958776554287691951e+01
2.457604321715599838e+01
2.545755245182457926e+01
2.305095084190982391e+01
2.305937561402499014e+01
1.967219859001532711e+01
2.483732615287395618e+01
2.463982084512267079e+01
2.297974182777511132e+01
2.201320060329797101e+01
2.553203852929138762e+01
2.075428460767681571e+01
2.336481956125438231e+01
2.481736178026682893e+01
2.420554977622288817e+01
2.286564212305312793e+01
2.178123434803117320e+01
2.299823923489663002e+01
1.994954268687110144e+01
2.332321692028174098e+01
2.586170793320704320e+01
2.202543780393987660e+01
2.196049205504507995e+01
2.118479346897957427e+01
2.188669052879298960e+01
2.236982946649945347e+01
2.225451739818288033e+01
2.360424689770173856e+01
2.121351750321703022e+01
1.995646094917700708e+01
2.222076871172836476e+01
2.239049679153215422e+01
2.312747729762219251e+01
2.239382718282265472e+01
2.206893901057120644e+01
2.106165023552975413e+01
2.111858951565639231e+01
2.254640244573332097e+01
2.322529784163813460e+01
2.397423278798823887e+01
2.522014997315348239e+01
2.138611921224897827e+01
2.016296498721037977e+01
2.149659562794379397e+01
2.358764089942336994e+01
2.015158070817266989e+01
2.035416319280219000e+01
2.240421616873882016e+01
2.154630618426851996e+01
2.586970830928576248e+01
2.122114881717386581e+01
2.253658345305855448e+01
2.574778660760941307e+01
2.457164214218628118e+01
2.162936539654587875e+01
2.262457546937055497e+01
2.126287135647398685e+01
2.385152949895914176e+01
2.038556382110548881e+01
2.074426375134556366e+01
2.294645323477967125e+01
2.162652160752038455e+01
2.136798653163349115e+01
2.069194203822545575e+01
2.268355629448277000e+01
2.370220384125407520e+01
2.625179060399174702e+01
2.095689973422868491e+01
2.151345083460286389e+01
2.103343144867276493e+01
2.569668245394107586e+01
2.539038518921450915e+01
2.402575592424641115e+01
2.196102588618093776e+01
2.184610305174969014e+01
2.315306230528344500e+01
2.229895445428040190e+01
2.267297099798567217e+01
2.182573357623834198e+01
2.017046098314330038e+01
2.249612470508747109e+01
2.105084526443494397e+01
2.395568329903183624e+01
2.476000423149332264e+01
2.424795972291787294e+01
2.237989653869977857e+01
2.169133013904825091e+01
2.503228197947035483e+01
2.257382577995926454e+01
2.530899458556404724e+01
2.168745695922624606e+01
2.426879832048022223e+01
2.238654668024310368e+01
2.583309373537270659e+01
2.709246453300536217e+01
2.228475349064560262e+01
2.456376666846947288e+01
2.535778312411689583e+01
2.241010273452994284e+01
2.178979462974108472e+01
2.259410312987420966e+01
2.344265073286633339e+01
2.101541190546556592e+01
2.339396486705129874e+01
2.327995870359397657e+01
2.233427166576676726e+01
1.853539919601999841e+01
2.451115535572433757e+01
2.517845175255567725e+01
2.072470199718640416e+01
2.269529336349258486e+01
2.398313984873843907e+01
2.233941991289012208e+01
2.464430960632521916e+01
2.250079700653031978e+01
1.881093347481971279e+01
2.472223482696930930e+01
2.344347222983256884e+01
2.293114685664364671e+01
2.011061384780176908e+01
2.232388965901113664e+01
2.256624937884223669e+01
2.082656828269814397e+01
2.335904242107129036e+01
2.399066649202321955e+01
2.364117357778776096e+01
2.244729435908406501e+01
2.254169074854524624e+01
2.404548774772624853e+01
2.193282760182844626e+01
2.141313005342093945e+01
2.281751783367059971e+01
2.234077113693138372e+01
2.050833735852179984e+01
2.142758364736610943e+01
2.169221925782270333e+01
2.134363648880068354e+01
2.328228222313299511e+01
2.035387883703662482e+01
2.339766538010210084e+01
2.616359618953128674e+01
2.148596994865397036e+01
2.269980179531934894e+01
2.470466679657680587e+01
2.135968540933142634e+01
2.276940930425387677e+01
2.372433002984525174e+01
2.262051283652175471e+01
2.090561215207458545e+01
2.448487341901312675e+01
2.107662989647861806e+01
2.246012777708714481e+01
2.366293862264256376e+01
2.257755061579351619e+01
2.205840937929727374e+01
2.163660454892377416e+01
2.291622839261840738e+01
2.514441472213810869e+01
2.459524277341030896e+01
2.289730984260395630e+01
2.094312211073641095e+01
2.351475907441788138e+01
2.092255164798342548e+01
2.368052995564175944e+01
2.139788206144123350e+01
2.082819263123584363e+01
2.161901708980006376e+01
2.123711359122273379e+01
2.149013215966085610e+01
2.181960238818865250e+01
2.313259337532219462e+01
2.480834382672597371e+01
2.064511824328077338e+01
2.046747253726040938e+01
2.453598629273462706e+01
2.112501006367376633e+01
2.469827779235267329e+01
2.213465436523645025e+01
2.146596818394354855e+01
2.286573764784177598e+01
2.163021947941897238e+01
2.108225534211898733e+01
2.734987287413913393e+01
2.150515232317702186e+01
2.284321382285041935e+01
1.960333099550310720e+01
2.285257090339634800e+01
2.053967859764352255e+01
2.133055823930149231e+01
2.042661782394795722e+01
2.303203278154824574e+01
2.164604294507762461e+01
2.194301173817828854e+01
2.397636445460105747e+01
2.263055289761561539e+01
2.121839799752480360e+01
2.308175377876009193e+01
2.409407603410842569e+01
2.393019663031896371e+01
2.468583940606331240e+01
2.635520077619946733e+01
2.122959058111279163e+01
2.510181402616153790e+01
2.380623075601967642e+01
2.320296859280619728e+01
2.412801899451388721e+01
2.147331791412408464e+01
2.146858277245149083e+01
2.163439171748834511e+01
2.249887360240980883e+01
2.302944920466542200e+01
2.237105230350918106e+01
2.025508109318456818e+01
2.201541802071248810e+01
2.452150724834448781e+01
2.119118791503111154e+01
2.189451988091059320e+01
2.189242379366180202e+01
2.441064148049491678e+01
2.314100737817065578e+01
2.133596405710308730e+01
2.471930562636285700e+01
2.110877629253624832e+01
2.165924271376705335e+01
2.239300272442337203e+01
2.368768584443734326e+01
2.338942721134095493e+01
2.338464084142762189e+01
2.397217569056244457e+01
2.151354282987741229e+01
2.188457534365231183e+01
2.507771110965017414e+01
2.253304518456327443e+01
2.529264082818702875e+01
2.137784083283430192e+01
2.213319475807456627e+01
2.651286621371423635e+01
2.700727776752042431e+01
2.135472674356369183e+01
2.234803673648975675e+01
2.257518279468001055e+01
2.462913434212106978e+01
2.186187489310055909e+01
2.142074223179338333e+01
1.965108031471177341e+01
2.332644764866561360e+01
2.459958652984809291e+01
2.520355325020992510e+01
2.083350413380680166e+01
2.097874423756055862e+01
2.408084069314294595e+01
2.428043354469755499e+01
2.033536426186387303e+01
2.392045922974564931e+01
2.139136242373812991e+01
1.995962917018761118e+01
2.320683406342795152e+01
2.466069128850175574e+01
2.328188055762998232e+01
2.277755225687927876e+01
2.089192195881587821e+01
2.181333170365146756e+01
2.029746730015635947e+01
2.060034511898664178e+01
2.038947201769637729e+01
2.245759825292053691e+01
2.444766824942552219e+01
2.253511251107951452e+01
2.408310936167597660e+01
2.319226182720682061e+01
2.334177992158569381e+01
2.600288742581345502e+01
2.058286130962317984e+01
2.230829684011438374e+01
2.136594409403383565e+01
2.341055644204028852e+01
2.143870484684705602e+01
2.275919282127068755e+01
2.446046782093841543e+01
2.262549088263297392e+01
2.161650025090919058e+01
2.319528997700109585e+01
2.371250332726819821e+01
2.324104208829334084e+01
2.458376453617980317e+01
2.351471014667770021e+01
2.264197772605188774e+01
2.385630138442546055e+01
2.095572047674374261e+01
2.051506184134239419e+01
2.312647321832892189e+01
2.041195497688992688e+01
2.268048660058104815e+01
2.281180956213470878e+01
2.483538945229296857e+01
2.383466915073212888e+01
2.769481357440143654e+01
2.163901360411516350e+01
2.276989868980766829e+01
1.942886413965372938e+01
2.422384891975292120e+01
2.669126093243515996e+01
2.505437293679370825e+01
2.381277071106357468e+01
2.238498210213958828e+01
2.188856003427738628e+01
2.190836377437598514e+01
2.248712927085556856e+01
2.277389857265020368e+01
2.138456989689141352e+01
2.381178327676942885e+01
1.975326947165467217e+01
2.140444217487539547e+01
2.438662677170665916e+01
2.116458260432904837e+01
2.256899002862565240e+01
2.069987628069450025e+01
2.310920121112272341e+01
2.475948648254381013e+01
1.923631633829448973e+01
2.498582008975655455e+01
2.170557513379161207e+01
2.505051003405823451e+01
2.000231560127265240e+01
2.165551858065948920e+01
2.072054076426369207e+01
2.235273677169690387e+01
2.095084597025091711e+01
2.231308264334002089e+01
2.585913689532947402e+01
1.998721823105697126e+01
2.271579458867515200e+01
2.173202353688609634e+01
1.891184923692781794e+01
2.197408429652800166e+01
2.523333870242048604e+01
2.295935438437789244e+01
2.259951605303120914e+01
2.205064801075497982e+01
2.181134243094058789e+01
2.112558506802012559e+01
2.476189175141296417e+01
2.045405346198174357e+01
2.058444243159039999e+01
2.078109188892080894e+01
2.123512825417677163e+01
2.441588171635647342e+01
2.273358235754329471e+01
2.452916292168558954e+01
2.282601811075500464e+01
2.476699402325641941e+01
2.361288566882394235e+01
2.343493632694321249e+01
2.253161718923416856e+01
1.820140507487298365e+01
2.346054471751905979e+01
2.227946997249776118e+01
2.255139990664436667e+01
1.867606515532115807e+01
2.363478904973344896e+01
2.298857970415775398e+01
2.404737170081856590e+01
2.383498332894558303e+01
2.119942309460414265e+01
2.163630378344351257e+01
2.125860416818968446e+01
2.393402487863725270e+01
2.082236926464377191e+01
2.435088014340533391e+01
2.174712616112161356e+01
2.371777186111821223e+01
2.261451798296851123e+01
2.300931760210257337e+01
2.491485706858213334e+01
2.192511852973663622e+01
2.642239239697937947e+01
2.210243008740980386e+01
2.057513385832186970e+01
2.395072945560960065e+01
2.148908312714733526e+01
2.439578724807789101e+01
2.586691987956031369e+01
2.352680950186331188e+01
2.112916792544904609e+01
2.655265670679809276e+01
2.188089134979906092e+01
2.280919555260725673e+01
2.032814732310957595e+01
2.260438728008681863e+01
2.370775330411612458e+01
2.273404709856924200e+01
2.262877950992101006e+01
2.580633627208515435e+01
2.202976871118328006e+01
2.458382624717193110e+01
2.471861086897408200e+01
2.114835135758763585e+01
2.375876381363961443e+01
2.302979113810565792e+01
2.257982214424707834e+01
2.646696482642994397e+01
2.394731966211564256e+01
2.387271140498361177e+01
2.024817335633854043e+01
2.081606189012699204e+01
2.182889745823757721e+01
2.228983915426556806e+01
2.561179002105845726e+01
2.330642724091381979e+01
2.207358269389217398e+01
2.131251732514926189e+01
2.219266979468681100e+01
2.325967473042733857e+01
2.200134612341506823e+01
2.217833108077423887e+01
2.150614326826439537e+01
2.186379038229058835e+01
2.094447799124770881e+01
2.269845454072483548e+01
2.368357067998437770e+01
1.889627947096828464e+01
2.093381624995073054e+01
2.011247142035070112e+01
2.510254267152400942e+01
2.060139173715067429e+01
2.336741290778955005e+01
2.126441983601392494e+01
2.175725721565112991e+01
2.366972716529283360e+01
2.427114421888148854e+01
2.368521083870829713e+01
2.005490978911195654e+01
2.280320689979886595e+01
2.647775210612084962e+01
2.317436518196167228e+01
2.388404371736035614e+01
2.364129424554644743e+01
2.149925235488728958e+01
2.194078653085161434e+01
2.356469750194215251e+01
1.891777893622526108e+01
2.427387664670831668e+01
2.396384954742311990e+01
2.339637395824621890e+01
2.298001742603188546e+01
2.251565917756925472e+01
2.255986326606636894e+01
2.258135858636259030e+01
2.362711433056774268e+01
2.101522883049925383e+01
2.187886430193653098e+01
2.349438551066018377e+01
2.275835933228383823e+01
2.430148010935510783e+01
2.099764873721973046e+01
2.192255313048686105e+01
2.186406430776533583e+01
2.477216452584771389e+01
2.002945802561754007e+01
2.235249465861987517e+01
1.969525863675902144e+01
2.531463817917533987e+01
2.234574621274009587e+01
2.416352473782993826e+01
2.405225182793525107e+01
2.031196108927233723e+01
1.992492676698551790e+01
2.238368227106448671e+01
2.317829332383382024e+01
2.079219678954419237e+01
2.310242017012743077e+01
2.252216594625327062e+01
2.505489868338421644e+01
2.223070906759586052e+01
2.314283761575671505e+01
2.398345829787725236e+01
2.192842543890206386e+01
2.404193418674930527e+01
2.469419704326203657e+01
2.435364130617528744e+01
2.345558498435255501e+01
2.436522699699727568e+01
1.869248127478088506e+01
2.236949600760287282e+01
2.294867134023837707e+01
2.383498808383113854e+01
2.316594044843733613e+01
2.206714718515853590e+01
2.348030167038838556e+01
2.461047071173571155e+01
2.702801128001414810e+01
2.120547298364507327e+01
2.160892938758899362e+01
2.137591753912040460e+01
2.174338415696570337e+01
2.103386355364913385e+01
2.092886721033110575e+01
2.140903570186586435e+01
2.550840913026523182e+01
2.318339730349171290e+01
2.223240570501253899e+01
2.238881795455694501e+01
2.352151356714843544e+01
2.313655234389615245e+01
2.340923675603204401e+01
2.277812186910066572e+01
2.348113917460075228e+01
2.251143870787801049e+01
2.390626387334083347e+01
2.333468131401008705e+01
2.270167506577037742e+01
2.399590372029759777e+01
2.173927140710157957e+01
2.163722923498248463e+01
2.201716583110547631e+01
2.354332415945776091e+01
2.246111166395364123e+01
2.053561711538931078e+01
2.305168617437874090e+01
2.535407451447600380e+01
2.260736975515102287e+01
2.099039606032151539e+01
2.417811469837112526e+01
2.466263480775792516e+01
2.258185110007448060e+01
2.029538044809221020e+01
2.160268719850504127e+01
2.338133285366606273e+01
2.093905716184188393e+01
2.354049279928881333e+01
2.121182065005039519e+01
2.114097120362304594e+01
2.142270227198296695e+01
2.381791140971539633e+01
2.360774639789050156e+01
2.204814630514047025e+01
2.502379043398536851e+01
2.259427774102904252e+01
2.324809647428781645e+01
2.436173593936336346e+01
2.323165092454610914e+01
2.045609855278938127e+01
2.267197423679048995e+01
2.198576099282491114e+01
2.175255352263475217e+01
2.187933401699507741e+01
2.314409816804926479e+01
2.300254592752260763e+01
2.208693648150855893e+01
2.649572677265146226e+01
2.063677987479619702e+01
2.375985376028427609e+01
2.351402216864521577e+01
2.123072775501571030e+01
2.589855120429978186e+01
2.206325071447307806e+01
2.345541251708354125e+01
2.033105941497238334e+01
2.351685892259473221e+01
2.030884411927477373e+01
2.153745134816671225e+01
2.140927773947052870e+01
2.390779322880056057e+01
2.111863787852766094e+01
1.966291995348353794e+01
2.248798553617906393e+01
2.455363916321331530e+01
2.319669251311954383e+01
2.332962743186988774e+01
2.220028899373038556e+01
2.196088271049855933e+01
2.349220602101537736e+01
2.227198112775868921e+01
2.282469575958832309e+01
2.447961263902296380e+01
2.091984279849551243e+01
2.096752239491854652e+01
2.128633085909478595e+01
2.348936883594411285e+01
2.049177093421930351e+01
2.319980657501054822e+01
2.103508823917723802e+01
2.552832374333576126e+01
2.488400069589360442e+01
2.151580686362419925e+01
2.204236274929231953e+01
2.307757924666864469e+01
2.320986570913048297e+01
2.220022693827954541e+01
2.336830327087535153e+01
2.251479721634062514e+01
2.344887094755205226e+01
2.236866786537533258e+01
2.251051940704321197e+01
2.271491213097533191e+01
2.657910049913287409e+01
2.497710301734490557e+01
2.329413961468729255e+01
1.963890163482970408e+01
2.326357411866041147e+01
2.053798591427279874e+01
2.619303100505020865e+01
2.132642010816378431e+01
2.450377276852649899e+01
2.121598728512328691e+01
2.460535250005911934e+01
2.145437464649838333e+01
2.197909057263947119e+01
2.147687067674227990e+01
2.108363018352382312e+01
2.396807329097802253e+01
2.631969894958773892e+01
2.314686201411074862e+01
2.472294192950411329e+01
2.122935053044005471e+01
2.161651909272383065e+01
2.123092281064497655e+01
2.169530758227843492e+01
2.069527179017387297e+01
2.246113799260405841e+01
