2.426382952370515156e+00
2.524335484053873202e+01
2.447643835648787913e+01
2.535687304904085693e+01
2.099934522179231067e+01
2.330872591338202326e+01
2.288386213494926480e+01
2.477084843483480725e+01
2.279936424768591152e+01
2.095088039294328297e+01
2.237869611231845823e+01
2.410293619239186569e+01
2.393451394584388936e+01
2.269892834181214880e+01
2.323270589040020795e+01
2.213991665699356304e+01
2.327899307098426007e+01
2.617942997767741531e+01
2.417575435567398401e+01
2.198040506191773957e+01
2.091807374338327108e+01
2.409783758037769275e+01
2.518057275690043184e+01
2.243799186413285085e+01
2.108194477802092592e+01
2.180026202524966905e+01
2.274834650666292646e+01
2.520599308942859196e+01
2.577171857845768344e+01
2.354377427031092651e+01
2.300429922533037086e+01
2.307819038875679496e+01
2.219468657541578338e+01
2.230530727364293497e+01
2.353470173885633443e+01
2.122902178445614041e+01
2.389616312041105317e+01
2.388120286059250219e+01
2.424082625222976262e+01
2.361121088529642620e+01
2.091841547615493369e+01
2.429216865566294459e+01
2.488068912220843387e+01
2.415575177853744648e+01
2.415419776741774882e+01
2.273353162850610332e+01
2.369491162350685798e+01
2.182999849375643819e+01
2.443492197661791110e+01
2.121495091989881487e+01
2.307368358060299585e+01
2.345731678112083429e+01
2.482957842377553348e+01
2.062710852733423295e+01
2.025514584127584428e+01
2.256840318786221289e+01
2.187596627325371301e+01
2.465323063162909278e+01
2.339731775330482577e+01
2.183579234970844496e+01
2.456813695732403957e+01
2.235258364483259541e+01
2.273309850530275611e+01
2.044617571048688021e+01
2.426357973617444230e+01
2.167022995701152865e+01
2.421458295066717525e+01
2.200755000967414432e+01
2.240906082762865736e+01
2.137224902051055153e+01
2.122315929368969378e+01
2.361974826674622818e+01
2.042417454436163027e+01
2.129460902489338991e+01
2.358061316386845263e+01
2.066541208941355023e+01
2.171631477482950245e+01
2.427733446606381307e+01
2.222593555099805940e+01
2.339956861563239698e+01
2.425068532097808216e+01
2.291711465738991649e+01
2.010684584902466199e+01
2.409538971627829795e+01
2.361512186550303838e+01
2.259252899040135887e+01
2.272827977256919496e+01
2.234811134931453225e+01
1.949837800784122521e+01
2.203856402738242437e+01
2.295242744553288361e+01
2.094683187604882946e+01
2.166760858330049899e+01
2.348716915813420769e+01
2.064139666316130928e+01
2.416704092758230971e+01
2.203202918222710593e+01
2.315143141445609842e+01
2.168644471058219381e+01
2.148255957447792852e+01
2.195570198838621678e+01
2.383319401269879378e+01
1.994328158073999901e+01
2.438904847642859863e+01
2.168817064178268694e+01
1.937311329653801550e+01
1.912341848930384103e+01
2.418467655567587826e+01
2.154203992037695059e+01
2.415318970161817802e+01
2.344679159573744087e+01
2.314689208878465720e+01
2.108963733308729616e+01
2.045879924128015404e+01
2.145538195426317785e+01
2.438229810399108644e+01
2.332295785029771551e+01
2.453342347021620640e+01
2.272846472217054625e+01
2.566956015779276612e+01
2.302807683483991497e+01
2.033229632704404466e+01
2.133986947276810398e+01
2.238659432056713783e+01
2.147894937248419112e+01
2.634446383405801839e+01
2.228327270511790203e+01
2.235282936592429337e+01
2.360582335410412824e+01
2.132608063178419755e+01
2.274923511493644313e+01
2.198221829855299347e+01
2.077132357591505141e+01
2.243031069614395534e+01
2.437054723303015180e+01
2.236071398139781152e+01
2.142204166661648301e+01
2.110957460713003897e+01
2.165426380601213552e+01
2.406374180583866007e+01
2.329151062578798204e+01
2.218782598239548420e+01
2.201139019013200837e+01
2.144829559459527246e+01
2.239399565246696611e+01
2.239365433106405590e+01
2.263556352115754677e+01
2.257293602041745473e+01
2.325117826457747583e+01
2.270989741005320539e+01
2.524150846245306568e+01
2.324386099771278325e+01
2.175458106638712508e+01
2.217708308863734601e+01
2.289375864060329846e+01
2.311157724003275149e+01
2.194895886705127808e+01
2.409956801937107684e+01
2.497768150678535193e+01
2.241408844168467240e+01
2.659263270181484984e+01
2.444366007613637493e+01
2.126822556143660137e+01
2.054713632818530300e+01
2.039318548265059405e+01
2.405416436985603568e+01
2.045519031868262871e+01
2.100565311598830220e+01
2.273295193924388613e+01
2.180398659575400089e+01
2.203241671871668572e+01
2.163879587489448397e+01
2.414735123423676200e+01
2.147706482407713580e+01
2.252568578074561145e+01
2.352503246313508711e+01
2.128804197038735779e+01
2.594240596163665202e+01
2.279826368017696936e+01
2.273252961687736828e+01
2.181752342462880279e+01
2.283357515370475710e+01
2.303372891861511818e+01
2.190502336424698981e+01
1.911613822096596849e+01
2.203458557631515546e+01
2.236307796541812465e+01
2.170184071399556203e+01
2.458287057051038005e+01
2.404419667145465667e+01
2.291646090889925347e+01
2.513370871607633816e+01
2.176404706222736962e+01
2.487406306743305251e+01
2.367804742830307063e+01
2.260425394909056607e+01
2.258828047536749750e+01
2.423293701012172718e+01
2.245838872764244343e+01
2.413334951476902646e+01
2.470332725576376731e+01
2.437843751799198344e+01
2.071970570156448588e+01
2.051472175907363749e+01
2.487651548115873723e+01
2.279595491275944141e+01
2.373458516218416747e+01
2.420615209561751868e+01
2.316277150850666189e+01
2.041310993186393219e+01
2.205563392434922321e+01
2.485002318846212788e+01
2.286845777475079089e+01
2.152227458491604750e+01
2.118554187156158619e+01
2.299153987048706327e+01
2.438549430593262812e+01
2.505615995474453328e+01
2.236570299361730818e+01
2.394205598131618373e+01
2.195749745771254524e+01
2.248050574120093970e+01
2.186701421921072352e+01
2.092451300106441536e+01
2.083917087346694430e+01
2.162789302268060965e+01
2.182173402545407725e+01
2.086639210430914559e+01
2.143303973962505182e+01
2.239147204634798527e+01
2.239252745475362971e+01
2.218462243139486745e+01
2.398249946483378636e+01
2.375263117840375671e+01
2.094688234743070154e+01
2.276109025579359013e+01
2.160028757684458256e+01
2.276122229248116824e+01
2.419900984054344661e+01
2.210120684455246476e+01
2.551199442907821435e+01
2.261721858529175222e+01
2.085288313261288451e+01
2.280694701147386283e+01
2.453192039735898788e+01
2.222386200293088976e+01
2.107069474117169605e+01
2.254491759524536576e+01
2.333178179182312206e+01
2.082601020689990179e+01
2.299982710096681870e+01
2.387969957235911522e+01
2.205343220765296763e+01
2.075196265610552615e+01
2.375681972398957598e+01
2.485651212259829990e+01
2.361555580303184243e+01
2.451102189494522676e+01
2.062308760055016421e+01
2.182592178890266865e+01
2.041867717601670762e+01
2.256751187797794955e+01
2.484186336639524129e+01
2.408335754744314272e+01
2.297385794041881724e+01
2.073592828335013039e+01
2.202290695102112394e+01
2.211581375117972570e+01
2.359785663889006457e+01
2.247148873122281287e+01
2.152915979178194306e+01
2.198384598505766618e+01
2.350554847829735650e+01
1.976113541720865641e+01
2.291540685335822403e+01
2.188144908347071294e+01
2.132294437503571061e+01
2.252847327393767429e+01
2.194047918484979576e+01
2.199114019256980512e+01
2.514753503723758143e+01
2.353502200331963223e+01
2.288645384927010085e+01
2.327548991313507543e+01
2.207280861108289116e+01
2.253382799897138966e+01
2.308771416196650605e+01
2.241647059486314575e+01
2.202818002451840229e+01
2.623757307174643216e+01
2.284102824755539629e+01
2.271507992672716725e+01
2.507960876674771100e+01
2.142543636411418717e+01
2.415114918903911345e+01
2.330546591470453066e+01
2.226125952968878963e+01
2.584404905337658676e+01
2.365547097371460339e+01
2.253825690402403836e+01
2.311434114111069249e+01
2.063265608982293386e+01
2.155754503281463030e+01
1.899581737372866641e+01
2.378730412120012616e+01
2.097643511833613417e+01
2.262406698742464073e+01
2.615200383115012173e+01
2.176413098694436954e+01
1.900411741520839115e+01
1.995401313593060166e+01
2.254072563628245618e+01
2.451245748793400381e+01
2.104181932263620780e+01
2.191067046398794460e+01
2.294710650390615569e+01
2.652793548594078032e+01
2.466089628013909163e+01
2.224696440456953184e+01
1.877379395063814371e+01
2.566797836754316720e+01
2.531909950040838808e+01
2.362397999995809528e+01
2.289680265889595745e+01
2.107541495074795534e+01
2.190403015537446052e+01
2.263468178060876212e+01
2.439649933795253745e+01
2.283054415313348784e+01
2.129681632058249363e+01
2.350357153287398404e+01
2.031972209112231198e+01
2.381114012898309085e+01
1.949170533627015800e+01
2.601044889095151902e+01
2.428416487942414292e+01
2.545949497627940517e+01
2.383600493282547461e+01
2.576142913172542492e+01
2.216470770249052080e+01
2.401170577483756219e+01
2.396562891981944787e+01
1.992748545322861986e+01
2.381937022912528334e+01
2.343744774976805445e+01
2.052954825258271399e+01
2.315042341089343836e+01
2.141741937314344213e+01
2.245339204487012807e+01
2.217397634945259455e+01
2.370389057145138878e+01
2.288160828990414686e+01
2.466815118743294732e+01
2.310354213775914545e+01
2.083693561418300533e+01
2.233435432337751436e+01
2.402634017502889563e+01
2.399086915373144180e+01
2.091566933578804566e+01
2.444902914587501286e+01
2.394512933939011035e+01
2.171002563757368264e+01
1.787457683911722128e+01
2.410111961150619209e+01
2.393130824266021861e+01
2.308693678258384097e+01
2.404542133775966661e+01
2.364450486469144508e+01
2.096821554074541183e+01
2.300026613601187364e+01
2.091718648443931272e+01
2.645552405436797372e+01
2.348401359239909070e+01
2.208350282554822286e+01
2.223716294026113616e+01
2.212352169415998659e+01
2.017204335696774464e+01
2.151829515475290933e+01
2.223446365485294507e+01
2.439309693467862061e+01
1.986340625800988491e+01
2.435742503160066619e+01
2.467827641259770743e+01
2.267930991975477539e+01
2.347741549837988018e+01
2.007225950059587305e+01
2.391531282386347002e+01
2.383481980717021287e+01
2.345564075868521314e+01
2.213629035078443508e+01
2.411256116667689753e+01
2.123612337702065034e+01
2.356842817048085692e+01
2.469677629360007387e+01
2.407592779150398599e+01
2.255122146585253873e+01
2.309944738779276818e+01
2.203691145005545948e+01
1.950693107808299231e+01
2.334573043035658557e+01
2.550185887564229503e+01
2.212415175028741032e+01
2.324051617923724322e+01
2.098015457858819488e+01
2.123048721443807807e+01
2.262966724998943135e+01
2.234171810989539253e+01
2.444297242335071729e+01
2.180844144780828486e+01
2.053255083420332738e+01
2.197011168499938449e+01
2.281300255150503631e+01
2.198391733355840572e+01
2.250547162797572653e+01
2.221906449134211314e+01
2.088957904357732076e+01
2.275933616350859268e+01
2.243188194772938715e+01
2.229319766865625141e+01
2.412025579671197661e+01
2.531183593458788295e+01
2.202888165962134082e+01
2.110759972188894906e+01
2.038362883572312967e+01
2.347745874704527935e+01
2.151454083837431952e+01
2.176223804740119050e+01
2.254689730038080597e+01
2.283150103403223241e+01
2.564436955933875595e+01
2.180388740705383199e+01
2.239410811342433760e+01
2.407966929109465326e+01
2.431162879919067521e+01
2.214020974808227393e+01
2.320904835016323986e+01
2.244425300795823830e+01
2.340896630313178051e+01
2.136672543493295251e+01
2.070843769605039952e+01
2.306232422249210856e+01
2.141198046523043885e+01
2.074865427585360322e+01
2.013046362976221459e+01
2.274219798441148299e+01
2.325062906729782597e+01
2.494797992783887253e+01
2.061249204626427556e+01
2.131211408974348842e+01
2.232246022554964782e+01
2.469597953056812045e+01
2.480936804303979315e+01
2.361466770464765474e+01
2.260970962333707135e+01
2.068426161831962062e+01
2.337855119106825086e+01
2.196242009931478734e+01
2.235870024570694881e+01
2.141158089323839064e+01
2.080699825267806347e+01
2.258820272940963392e+01
2.153395686296142131e+01
2.353579602075954824e+01
2.479142754675339688e+01
2.373521883709681290e+01
2.398727986052700700e+01
2.203952935781553535e+01
2.413662960978691174e+01
2.246465928758810904e+01
2.420625375391736256e+01
2.215432168174128336e+01
2.490958798664805585e+01
2.265283939278504377e+01
2.557693575764587379e+01
2.575058145265365894e+01
2.194932829643321881e+01
2.427442559485644580e+01
2.554218555259323153e+01
2.206405283006095530e+01
2.190172700764858504e+01
2.257355303733757168e+01
2.406938800286135560e+01
2.186391311294729434e+01
2.349047104765325500e+01
2.355247977382113334e+01
2.294973401826884540e+01
1.993885250165892842e+01
2.320129606467814654e+01
2.493059810610238003e+01
2.091251888088862287e+01
2.205574086397618316e+01
2.383604202862602861e+01
2.251980564332111712e+01
2.387261752239203716e+01
2.194609645644074547e+01
2.078611028510201919e+01
2.391446127528313781e+01
2.224497662139855336e+01
2.394743844593394400e+01
1.983946787827303382e+01
2.290121750761045050e+01
2.249257453648960592e+01
2.041791301509660883e+01
2.259540315575073066e+01
2.437213814965402037e+01
2.384398658613623212e+01
2.249557134345915443e+01
2.272277741813763186e+01
2.338628036161627222e+01
2.149723676374516401e+01
1.992750346826491992e+01
2.208651755297975328e+01
2.275328536576436278e+01
2.012350792871331606e+01
2.161112188477942198e+01
2.204320004370176633e+01
2.220067720041751969e+01
2.226457621320630409e+01
2.094315269567159277e+01
2.405945725898095588e+01
2.585302545267601104e+01
2.204153435388725768e+01
2.362372911601582359e+01
2.381566586971378285e+01
2.193413817258395326e+01
2.316867369718684699e+01
2.323100466182595270e+01
2.301172678632461555e+01
2.113663122320732768e+01
2.505065956423630169e+01
2.152211639939063659e+01
2.251919005760781189e+01
2.415849294347960097e+01
2.185261787144495571e+01
2.200075225645924704e+01
2.137027361084579624e+01
2.361266902367831477e+01
2.482974196112371956e+01
2.333861712703676261e+01
2.288473433506650068e+01
2.219789271625017335e+01
2.337803812187253172e+01
2.129924200027368997e+01
2.314729824356490795e+01
2.143414199823039112e+01
2.073868731247927855e+01
2.179672283995539672e+01
2.140728944904188324e+01
2.133350424903736098e+01
2.176488724843283862e+01
2.275565711539702463e+01
2.373026444947193880e+01
2.127087628602515679e+01
1.975196587245121904e+01
2.485321939339254271e+01
2.236844468086345472e+01
2.387310442396222143e+01
2.121409124076577157e+01
2.202034388918650265e+01
2.284025578524403244e+01
2.124194932026107097e+01
2.207127822304790499e+01
2.656448662021017881e+01
2.167428990771011854e+01
2.293625287738186103e+01
2.074491890319983867e+01
2.286827691973162757e+01
2.042740127801379302e+01
2.130466284873149618e+01
2.061727368936420746e+01
2.360286592177875775e+01
2.209650254257832103e+01
2.141556868548847348e+01
2.299962323352949056e+01
2.201814675682593503e+01
2.150549716464283989e+01
2.428469502207974173e+01
2.332738329596407212e+01
2.440887464206234014e+01
2.496414162345010723e+01
2.598455768774612906e+01
2.195477210008301583e+01
2.576983815488345542e+01
2.440930842019708891e+01
2.300816309250763325e+01
2.375364769910195051e+01
2.116210347060830088e+01
2.129608744301942735e+01
2.248366588143256806e+01
2.157161049347861592e+01
2.340457833173471869e+01
2.187807100085144540e+01
2.094292235809376379e+01
2.200900350803429006e+01
2.376632664079767210e+01
2.042792059500142088e+01
2.273162235713429880e+01
2.168079758134896551e+01
2.501307179374155609e+01
2.379365521151818896e+01
2.132632349838140584e+01
2.455755067738398267e+01
2.157158249524675853e+01
2.114989326683902959e+01
2.275321323947683538e+01
2.328203716588895844e+01
2.332747615953318743e+01
2.319511350003988426e+01
2.413063332161407715e+01
2.202638435205680878e+01
2.387357840539605647e+01
2.478024463500932839e+01
2.255928689571981494e+01
2.508976017003295311e+01
2.191640160256125114e+01
2.301254341426356831e+01
2.563107555390887526e+01
2.533443490059148928e+01
2.159632537628204574e+01
2.270329805305381754e+01
2.271925884680484486e+01
2.452396382656197815e+01
2.154045995914921008e+01
2.212529609823299026e+01
1.996413448159656312e+01
2.338311085758697061e+01
2.435478458061953688e+01
2.639756914211447381e+01
2.183499993597050803e+01
2.110700384344026403e+01
2.387159936813040773e+01
2.460268358311377312e+01
2.057572708283270302e+01
2.381250763346771393e+01
2.187213740312563104e+01
2.128604463263358326e+01
2.312314705746413068e+01
2.448658572830475677e+01
2.452359945363632932e+01
2.242046955763897031e+01
2.091158488959160167e+01
2.254132023852222488e+01
2.082559364632508192e+01
2.110669760408996254e+01
2.106387934340957102e+01
2.238313899852255417e+01
2.529651604719975566e+01
2.232812869331251449e+01
2.471684585035868409e+01
2.304998921658018673e+01
2.469424966777662078e+01
2.517084273176416787e+01
2.285421012010059272e+01
2.253133706108873469e+01
2.181678534110935175e+01
2.338564349502722450e+01
2.195464171901884143e+01
2.304550791834329715e+01
2.488418922076562723e+01
2.214715059914277262e+01
2.193404577888678375e+01
2.352863512736115581e+01
2.325737667693822175e+01
2.324903025487649089e+01
2.384846046167079336e+01
2.327426387067972513e+01
2.319212388357737709e+01
2.378323544625420283e+01
2.129794174263209072e+01
2.172433002566586424e+01
2.332650490457027459e+01
2.141379995876676645e+01
2.244925074690188893e+01
2.232614015559099840e+01
2.417434889224793082e+01
2.368589986233600442e+01
2.722835882160842758e+01
2.239232554143698550e+01
2.263282238659592593e+01
1.982197369875810367e+01
2.396595798763746288e+01
2.557762557200456399e+01
2.455160618641304993e+01
2.306563029344630067e+01
2.229609429546690436e+01
2.227801792335471021e+01
2.179892578328392005e+01
2.204090176222508290e+01
2.339119970394913040e+01
2.053258268497112482e+01
2.298249491449814030e+01
2.067718887782036674e+01
2.043905959231664582e+01
2.448342813285828612e+01
2.047752738011234896e+01
2.294713169996985513e+01
2.062376246637919763e+01
2.367426748760826172e+01
2.519391965247338305e+01
2.015167481030183794e+01
2.525404753467017471e+01
2.243694677009581895e+01
2.483293375021797544e+01
2.062701583428217589e+01
2.094852199616499888e+01
2.064479443590849783e+01
2.232799001761499369e+01
2.085989445571066270e+01
2.234918965420916237e+01
2.580706355847503986e+01
2.081627177053215050e+01
2.288244400906854636e+01
2.290656886981507512e+01
2.056627061968735148e+01
2.197954270514350483e+01
2.477553578602664075e+01
2.291982778157065326e+01
2.183308419363210717e+01
2.256550840302632821e+01
2.164574879885078929e+01
2.251707997084676549e+01
2.446912062444974012e+01
2.066459575702847218e+01
1.942238324457838061e+01
2.118799477610562221e+01
2.161665682584200354e+01
2.440062810186975994e+01
2.252487589379423127e+01
2.399749113480545049e+01
2.294380631381954316e+01
2.410257735645268795e+01
2.389936821500701569e+01
2.306089287978081614e+01
2.225525332483893948e+01
1.928288715473967585e+01
2.291267408902956149e+01
2.153960871463412374e+01
2.203893090722453962e+01
1.959440105586287473e+01
2.308502708177704577e+01
2.292014244339894802e+01
2.422577644096435279e+01
2.432621028526726548e+01
2.142678479234909616e+01
2.076652172480261882e+01
2.204312530808424953e+01
2.486526577372356073e+01
2.165892655271767708e+01
2.440247681351935682e+01
2.196623555724989174e+01
2.371467715522474151e+01
2.221115908587470855e+01
2.378275995386857034e+01
2.429229747499308445e+01
2.175510883237666349e+01
2.633310850340165743e+01
2.148666851586323645e+01
2.147739124178919212e+01
2.349745841297626114e+01
2.231556371100770875e+01
2.389589866775127902e+01
2.629693228701785657e+01
2.294512689311593334e+01
2.115177932586860976e+01
2.594693844286886986e+01
2.131272582399190796e+01
2.283999899079218920e+01
2.043751615908861652e+01
2.327368726686765399e+01
2.355468557280930852e+01
2.269690550533655937e+01
2.381135184832250218e+01
2.517907801765936782e+01
2.314653303660774597e+01
2.425187039402468514e+01
2.427108292666515865e+01
2.053870289956820372e+01
2.342340044151466572e+01
2.378097925488494369e+01
2.281907292886542749e+01
2.624026779229346573e+01
2.418419138913665023e+01
2.397438005119019522e+01
2.059372656189867712e+01
2.089781154784370898e+01
2.150156037844039503e+01
2.257219764936210638e+01
2.490159025220412659e+01
2.303682589966142302e+01
2.264453582276060217e+01
2.166011043463585040e+01
2.256129894977278028e+01
2.255061389327204679e+01
2.160525567393878177e+01
2.185256927314071262e+01
2.190366283240026846e+01
2.209984003025948240e+01
2.025610557746506046e+01
2.325873811623100806e+01
2.372847260494394561e+01
1.999869766772886948e+01
2.100601361435882097e+01
2.013832926660235145e+01
2.486873821499076342e+01
2.062596087263897360e+01
2.373188604186891837e+01
2.071691712282278885e+01
2.241206963401439012e+01
2.287552537177080580e+01
2.382873594840772213e+01
2.428182362827080354e+01
2.047183300859214583e+01
2.293288534812925050e+01
2.545097774366752574e+01
2.317243836431816106e+01
2.467874233863634004e+01
2.249391240563360839e+01
2.180813713424349487e+01
2.232465908101018215e+01
2.270845192530558165e+01
1.905969913407348670e+01
2.478913119831836198e+01
2.341933948372695085e+01
2.328427502848360220e+01
2.224746021262544105e+01
2.283599622630423198e+01
2.191815825676037832e+01
2.313408530491171788e+01
2.250532153713818317e+01
2.147536102582058959e+01
2.225031888414162751e+01
2.240829705892764068e+01
2.378736872271019465e+01
2.384521179581455996e+01
2.038707827946193518e+01
2.180445830162112841e+01
2.266936661119416030e+01
2.577719281004192098e+01
1.982066687855453324e+01
2.322701334268113627e+01
2.033457422491362010e+01
2.492517657965265343e+01
2.229674690815862803e+01
2.320396563882395213e+01
2.286566394532598068e+01
2.054562142100647648e+01
1.944875545970649000e+01
2.127883115196924990e+01
2.284081365452437851e+01
2.214893109379003278e+01
2.344611949308695387e+01
2.290574511273484504e+01
2.453159706945000096e+01
2.246660810820698728e+01
2.215638935961618472e+01
2.416409845711922344e+01
2.198797077105609077e+01
2.436489784768810551e+01
2.387281385970855752e+01
2.246241355348437096e+01
2.348696689375269742e+01
2.316203044671645372e+01
1.986153007712891849e+01
2.240545382917659367e+01
2.312600883491948522e+01
2.430292529937917934e+01
2.351333566289611454e+01
2.223953016893099388e+01
2.439002812874390003e+01
2.474078482565361625e+01
2.712273332044867402e+01
2.178803448430375056e+01
2.190864290236802248e+01
2.098823861717691486e+01
2.244631721487319354e+01
2.081656803941656619e+01
2.148916753416991554e+01
2.243536592749003589e+01
2.448117862507440279e+01
2.403185410767343555e+01
2.223236633803805518e+01
2.168985464792840645e+01
2.358995922514116472e+01
2.273338927951236599e+01
2.331543627659942430e+01
2.383524501014445462e+01
2.254536616313564679e+01
2.173440892687781201e+01
2.381027832449266768e+01
2.304385298696012541e+01
2.271186916509073939e+01
2.394412075363120351e+01
2.177083829491181532e+01
2.162885302494544959e+01
2.193831122547406665e+01
2.350393424291694444e+01
2.332307043511542943e+01
2.182509254918660346e+01
2.383653355606086777e+01
2.499698854498956280e+01
2.324675779084416760e+01
2.088878516695357490e+01
2.445291305924268599e+01
2.469958255848770534e+01
2.377030472329283839e+01
1.954311532303462684e+01
2.115604915796718188e+01
2.284154772805107925e+01
2.146511926675560389e+01
2.309086745076248093e+01
2.106758547300812978e+01
2.176300303606346276e+01
2.105038563896431825e+01
2.341374628087864451e+01
2.298507121249554430e+01
2.174141798987166396e+01
2.538505188516769095e+01
2.224098315604470955e+01
2.261298785679206702e+01
2.367001962750374844e+01
2.355413615654623172e+01
2.058451873363030060e+01
2.282187089425968907e+01
2.129998112981602532e+01
2.143079237069290954e+01
2.195810153150660682e+01
2.367279381354272161e+01
2.276390672981700547e+01
2.263390399187195356e+01
2.611053953231803604e+01
2.073306100836719779e+01
2.338505231237336446e+01
2.340142534001426000e+01
2.118966286758330497e+01
2.510242472563373894e+01
2.289949080134901038e+01
2.404115192594359129e+01
2.052015398845835392e+01
2.345031260565159315e+01
1.975325829831813707e+01
2.208630020042478748e+01
2.124429283461329376e+01
2.393259803617020864e+01
2.052056624294650788e+01
2.030923308606405087e+01
2.206970142064965046e+01
2.465175255805129240e+01
2.304211412306711892e+01
2.396059535890220360e+01
2.186672443291179135e+01
2.262169217095464546e+01
2.325560382126408854e+01
2.138737012316052244e+01
2.292350305559338253e+01
2.458587545878227942e+01
2.049717316519985033e+01
2.149281972719463241e+01
2.199105956979042986e+01
2.305402400239170646e+01
2.162356680690648858e+01
2.308045440127608572e+01
2.171817063226120226e+01
2.483331915601894480e+01
2.401609462488254110e+01
2.267414375534702486e+01
2.212037840840883973e+01
2.226415337444431586e+01
2.424135817355358569e+01
2.284785805772594713e+01
2.410918458841006640e+01
2.197441591798240168e+01
2.243033812271053762e+01
2.162181181918434802e+01
2.270031856281274685e+01
2.340791041216506940e+01
2.516540185626658044e+01
2.417559628893322810e+01
2.354383014317588874e+01
2.045136092046937293e+01
2.368802830978619767e+01
2.055612483848326022e+01
2.569483686000283740e+01
2.132162398068583187e+01
2.386906636489977984e+01
2.107442689070962771e+01
2.380978064300034092e+01
2.198774395891226519e+01
2.263618937207584381e+01
2.321135874600481230e+01
2.176006683967362321e+01
2.300659440366120023e+01
2.615534337365379258e+01
2.359178491683397283e+01
2.393400831532024853e+01
2.103362646765872412e+01
2.303292510331771581e+01
2.121345116215822202e+01
2.135556956911467097e+01
2.093917787906901395e+01
2.312718792892558994e+01
