2.477040990374302964e+01
2.535826140496888215e+01
2.436309624962178688e+01
2.547966213786036249e+01
2.131857717864446400e+01
2.316083753938349687e+01
2.349807086158433833e+01
2.434977584852409294e+01
2.238781937028017310e+01
1.978347931040041630e+01
2.162200671790693107e+01
2.378569373046270741e+01
2.453847297918577297e+01
2.352228231025605254e+01
2.229211157102398033e+01
2.202852716403641153e+01
2.290761833539974646e+01
2.604346455070399813e+01
2.396137499918103231e+01
2.278365337356527576e+01
2.194275049945255418e+01
2.418267883402714702e+01
2.487606610756177972e+01
2.278676750565755071e+01
2.156774851554796868e+01
2.152446611353005324e+01
2.284057099098784605e+01
2.571295953012539215e+01
2.606659414586168921e+01
2.287382971675620524e+01
2.385827572083528736e+01
2.211218168919500826e+01
2.181292096438010120e+01
2.245993810263854584e+01
2.408654850307264539e+01
2.051088062603473006e+01
2.403664036203305088e+01
2.422650528119576308e+01
2.354940760437435188e+01
2.401313667139348951e+01
2.134712195301055004e+01
2.384160016306890029e+01
2.471979128305139994e+01
2.405476649392689481e+01
2.367651856762576301e+01
2.278623435144000098e+01
2.386836409914845092e+01
2.199185136998622525e+01
2.507697234748526682e+01
2.133210139446772402e+01
2.304865922892038199e+01
2.286450153134806484e+01
2.457984180498946358e+01
2.074754911830492432e+01
2.092528526372981545e+01
2.239722434124279360e+01
2.248367666685590294e+01
2.442042739235190396e+01
2.375752701479284212e+01
2.183640203353399656e+01
2.458297870662887163e+01
2.342922938190516646e+01
2.202671037620867267e+01
2.080474062852413297e+01
2.436857244748913587e+01
2.128651765106676663e+01
2.427677618711000562e+01
2.172124526608839901e+01
2.198331332803543248e+01
2.168732755339119223e+01
2.218758016319399928e+01
2.357146485284924609e+01
2.110368528343047956e+01
2.184437195043130231e+01
2.335155485373093143e+01
2.106197701621577067e+01
2.192164397093752370e+01
2.401596964392733824e+01
2.328207108793949232e+01
2.312557283771973715e+01
2.316663544806453956e+01
2.368280332230107987e+01
2.072454316827741394e+01
2.430234238977689998e+01
2.378465901916989722e+01
2.258724972939838338e+01
2.274171709652179629e+01
2.302678334895770007e+01
2.072573596390545347e+01
2.168809486043560497e+01
2.349255231856995962e+01
2.116690472416559388e+01
2.288525671526439709e+01
2.334078917465010861e+01
2.006874859580231885e+01
2.428155259470377914e+01
2.275161534295336452e+01
2.338221590185745313e+01
2.074769125292997174e+01
2.188431322057939354e+01
2.177865127976861714e+01
2.470793904457414669e+01
2.036574109635224161e+01
2.458296763595098255e+01
2.093646531497839192e+01
1.943966848241874601e+01
1.934931873355452581e+01
2.419128125983042565e+01
2.184893856667595813e+01
2.406244386447266592e+01
2.355780216295373108e+01
2.287625252351300986e+01
2.147582062678344172e+01
2.163043725222698654e+01
2.182718120071932688e+01
2.448718063321278393e+01
2.382081337528446952e+01
2.395702744026737818e+01
2.247394379820922694e+01
2.467565840325286430e+01
2.357276956109902599e+01
2.094595553102280050e+01
2.180257559006171775e+01
2.226139518756642843e+01
2.157250029656919210e+01
2.683829802636908823e+01
2.240460302379280932e+01
2.225637883229288150e+01
2.415352379409305072e+01
2.127152004653898487e+01
2.267547182516387494e+01
2.124025020811851405e+01
2.075248639991749755e+01
2.419765102823561520e+01
2.392274400841018434e+01
2.307100620768503418e+01
2.227070534103589949e+01
2.136942810873186716e+01
2.162963262195798464e+01
2.370982861115071572e+01
2.291524342891786858e+01
2.267158558935756574e+01
2.224598353193445988e+01
2.156185936016566274e+01
2.193247047441456132e+01
2.246608262645456833e+01
2.311408426815395600e+01
2.249713323615615934e+01
2.340116564679044941e+01
2.223232853780564611e+01
2.549276513645747855e+01
2.333810726829202054e+01
2.218024311403252113e+01
2.169519238420457441e+01
2.192490754668914121e+01
2.401523301162892921e+01
2.280585051745820024e+01
2.406645140764189250e+01
2.399734293490074322e+01
2.233955402462642326e+01
2.714182598605918173e+01
2.502217537161542538e+01
2.136588287977963319e+01
2.079017507586662461e+01
2.027581604809473959e+01
2.314592047413578513e+01
2.017540081828988718e+01
2.059020032787611498e+01
2.188381775401968454e+01
2.253448373992426212e+01
2.232295126972106303e+01
2.150276189740892008e+01
2.353422149474589986e+01
2.171975000332466621e+01
2.305616571245635882e+01
2.286264221925069151e+01
2.224594287622811351e+01
2.549543025459588819e+01
2.363189884985679257e+01
2.342785135376802685e+01
2.252169754089528908e+01
2.208647339654087460e+01
2.247380722745270987e+01
2.156690522314542946e+01
1.901766438969461959e+01
2.136328254719682462e+01
2.204933436451484496e+01
2.203534428290784319e+01
2.403197632612609169e+01
2.393670550021976240e+01
2.168233895021911550e+01
2.516651156228870434e+01
2.148019052911843829e+01
2.501680814483231785e+01
2.345999831283883807e+01
2.233173718462339252e+01
2.331010382290604355e+01
2.496217128678670250e+01
2.243637573397557361e+01
2.371385887099971512e+01
2.462565384076975050e+01
2.517767271808760299e+01
2.109352383685658339e+01
2.161668320465435755e+01
2.479381797997704240e+01
2.351863712024268693e+01
2.360606473892803336e+01
2.461032713629361268e+01
2.368948341146584013e+01
2.124604527901383122e+01
2.081712106588248190e+01
2.468625285344604237e+01
2.218346305867428825e+01
2.200711900169465807e+01
2.154560643162888312e+01
2.227967626025395020e+01
2.436136582214420088e+01
2.546231572388450815e+01
2.252507656585063955e+01
2.406167680223179062e+01
2.165496865364575640e+01
2.264821132913762014e+01
2.220731961415106781e+01
2.110731278463552130e+01
2.204387490789836335e+01
2.169873326021608761e+01
2.212639546013926051e+01
2.152293555770338784e+01
2.183314579037133996e+01
2.312571430563657771e+01
2.253292469830974198e+01
2.258849408180170215e+01
2.420301973823078612e+01
2.308865516911123095e+01
2.161365578465429493e+01
2.236727583061498947e+01
2.161191801361476905e+01
2.160698887485225939e+01
2.355925040040370888e+01
2.251629252223537492e+01
2.462934418728127284e+01
2.319336378480491234e+01
2.117594803219627764e+01
2.263599839546743198e+01
2.459787801462752199e+01
2.201588911980559260e+01
2.143618952676467515e+01
2.184312348195689424e+01
2.232734046543739126e+01
2.122952403091388263e+01
2.277324710885084258e+01
2.409865652011214010e+01
2.254052358991436478e+01
2.165558684550862267e+01
2.307931008002781326e+01
2.487911152123687586e+01
2.343311905803491513e+01
2.379641059584298901e+01
2.092393942188450140e+01
2.231769932303962634e+01
2.061077680431835546e+01
2.233816972928178402e+01
2.474658532634067498e+01
2.306001085123375205e+01
2.213997171700148314e+01
2.142359384396752375e+01
2.248088575931807398e+01
2.245555928472064267e+01
2.415841119320807451e+01
2.373867637197785641e+01
2.110921002986965789e+01
2.226869892032381415e+01
2.437753672782110215e+01
2.021514252421153301e+01
2.311579253079949225e+01
2.197519614583451997e+01
2.162649042865334792e+01
2.223598148658720675e+01
2.173039215081195863e+01
2.256497776145025469e+01
2.453979749282165201e+01
2.385749879093016190e+01
2.293540334521665613e+01
2.412511788457374706e+01
2.219619904653742637e+01
2.340660704252725210e+01
2.326047768453867093e+01
2.261757268216810601e+01
2.239907075810595316e+01
2.580631959594590796e+01
2.264230359791707414e+01
2.402729977657567773e+01
2.562089025165676404e+01
2.210950199418487472e+01
2.401298739744612831e+01
2.251832388711130051e+01
2.187879797721463859e+01
2.491258364181167906e+01
2.330592277704795023e+01
2.225223363855088365e+01
2.258997659700626670e+01
2.113481371231425854e+01
2.174165234280792802e+01
1.937797052937335351e+01
2.406230452398868636e+01
2.124049263140615196e+01
2.281179069532415937e+01
2.617736032368971166e+01
2.164480043190107850e+01
1.945938209349269954e+01
2.044352877039274929e+01
2.272372138365849992e+01
2.422082997541770766e+01
2.156547088524967393e+01
2.212706838026289802e+01
2.384677137132615954e+01
2.632638824182319226e+01
2.350282097547047044e+01
2.257935240437711144e+01
1.900604588119041694e+01
2.573851404909157026e+01
2.517732392747540970e+01
2.421359055636398949e+01
2.320399418116127777e+01
2.152969656603306348e+01
2.148867912574994676e+01
2.198609140869411860e+01
2.417187850100692970e+01
2.267550040847375925e+01
2.137423219403342856e+01
2.354677326429511908e+01
2.016131387023399313e+01
2.349201621649437044e+01
2.005105919083498023e+01
2.464379963513118810e+01
2.434949160295983006e+01
2.461065949092724736e+01
2.320737240201375329e+01
2.503701180701462903e+01
2.240654050587216517e+01
2.391933881624825275e+01
2.393357661172741757e+01
2.109199768974713152e+01
2.343592577902856533e+01
2.217822470622640907e+01
2.088392485222857076e+01
2.362143174700326398e+01
2.138747101072741330e+01
2.276343368430571346e+01
2.276071751257398290e+01
2.265413069664901968e+01
2.310268168267834454e+01
2.461270624472543034e+01
2.351230102358688256e+01
2.094690145129172976e+01
2.232370292733007133e+01
2.384772323086541945e+01
2.339631725765518411e+01
2.036731295851853929e+01
2.284006815276081426e+01
2.486724563925431042e+01
2.184248192197931715e+01
1.828946988026743981e+01
2.371890419236602554e+01
2.338827497335923766e+01
2.314070826915873980e+01
2.504006281312895865e+01
2.306914384346481128e+01
2.064775662393370226e+01
2.289204568529182993e+01
2.127004790334034112e+01
2.635193964594649430e+01
2.301918527760973632e+01
2.220444208305286438e+01
2.252175202205360449e+01
2.201297394979046373e+01
2.100170436271250551e+01
2.141347715326819667e+01
2.263066801421829410e+01
2.418604311134986773e+01
2.069954907219964113e+01
2.417915362044112015e+01
2.429070216844971242e+01
2.177935168561135626e+01
2.277123277078133157e+01
2.019472967090486293e+01
2.383275990584021642e+01
2.415942302160814847e+01
2.296265446802148702e+01
2.333916028161102929e+01
2.312640612645350657e+01
2.156550759953218233e+01
2.353818891789095957e+01
2.476084978963458738e+01
2.474280238865060255e+01
2.246895447395283085e+01
2.241192712205407744e+01
2.168986727710455753e+01
2.013957676033644617e+01
2.303198464826646585e+01
2.519001501729199788e+01
2.142837744195067273e+01
2.355618792797095651e+01
2.120381517981190811e+01
2.202986701750518606e+01
2.265207333596939066e+01
2.319403712240592341e+01
2.365774392876456744e+01
2.153568535867773548e+01
2.135270366215330995e+01
2.181270487194315066e+01
2.255628236671653397e+01
2.256581294164863394e+01
2.308553165264745388e+01
2.231619393293659215e+01
2.129929511723334201e+01
2.152520052513344950e+01
2.298748408627443496e+01
2.280549548625046086e+01
2.377279165499481550e+01
2.545099981010350376e+01
2.212375598769445162e+01
2.155915332880426760e+01
2.142032528628970312e+01
2.399389742461271524e+01
2.179460140867059081e+01
2.134562908330534370e+01
2.313279589691883231e+01
2.256352586554891460e+01
2.567253139997844258e+01
2.162475162857040090e+01
2.254750917576969371e+01
2.367232440057478016e+01
2.441610508176890448e+01
2.230532819129220101e+01
2.334896155531860629e+01
2.211510495551900135e+01
2.333781650540485231e+01
2.100966667221856099e+01
2.028675249312834339e+01
2.298930083571079308e+01
2.154310580391859631e+01
2.119526182225795097e+01
2.088683134431633093e+01
2.352886228606385899e+01
2.292542665254519463e+01
2.526022490846455781e+01
2.085065599767826683e+01
2.175732529449996377e+01
2.222498822027674237e+01
2.481691059672471411e+01
2.527310253763878123e+01
2.386464785669375388e+01
2.301445451794508301e+01
2.059988497728043555e+01
2.323094967139125089e+01
2.216824354444348444e+01
2.281393813293778194e+01
2.176738993696280389e+01
2.131158666771518995e+01
2.259486153251115326e+01
2.147561490058703626e+01
2.341192011547865803e+01
2.451119389198399645e+01
2.395204541015879940e+01
2.442624674316483535e+01
2.226452713606357747e+01
2.547872832865686377e+01
2.252281072817124752e+01
2.392498292539259097e+01
2.259713901415308612e+01
2.506996147498927385e+01
2.303503185731028680e+01
2.514960691878943422e+01
2.676243049148559194e+01
2.167678027266049412e+01
2.408755852537081310e+01
2.461581064919294093e+01
2.229204773736443457e+01
2.241670190082800573e+01
2.184408371100142432e+01
2.393727165937882262e+01
2.241223759434244656e+01
2.379344331357134834e+01
2.346574018238747783e+01
2.174084457631813905e+01
1.983110184453713742e+01
2.397465227622610939e+01
2.382841116069934984e+01
2.071088990061150525e+01
2.243846563821682238e+01
2.336336860516076896e+01
2.370832078099448736e+01
2.430479666791706705e+01
2.194054216907343857e+01
2.062432554088848491e+01
2.426417056124369154e+01
2.221703720428796203e+01
2.365233968973942424e+01
2.057849954554161442e+01
2.287213116019081838e+01
2.237605032616839296e+01
2.111967406015040893e+01
2.314339144344226895e+01
2.440879676349685212e+01
2.401193054949961336e+01
2.286484488438877705e+01
2.282736053210183513e+01
2.364629875014721350e+01
2.141301343764777343e+01
2.085363955858484175e+01
2.343846250615579407e+01
2.284041359931712378e+01
2.022629069567213733e+01
2.146452241977211983e+01
2.163442948428018653e+01
2.204853932480202161e+01
2.317431291941386462e+01
2.162901726337672770e+01
2.409818027714287680e+01
2.554174824284292100e+01
2.225535892514279368e+01
2.423247876752210317e+01
2.387581147401546389e+01
2.084004972280669321e+01
2.275257066912284287e+01
2.393432513754751412e+01
2.315187854545957080e+01
2.168599774271707403e+01
2.470805182228680152e+01
2.200626057188520335e+01
2.264597284244960207e+01
2.302954357284102116e+01
2.282609252558548363e+01
2.224570524771107571e+01
2.160631643376500932e+01
2.312167354536083508e+01
2.408925968044936639e+01
2.359323347845882068e+01
2.295350721780759073e+01
2.180777081576143672e+01
2.354613866541289013e+01
2.154116631827690398e+01
2.316543969631835154e+01
2.158889856600464086e+01
2.083480069900160103e+01
2.286733905468395989e+01
2.213799082762707826e+01
2.155156172617230936e+01
2.132801012836093690e+01
2.338873094558612564e+01
2.463973907514114714e+01
2.188756748150209575e+01
2.126054517166771873e+01
2.480227242881548122e+01
2.083289240885632410e+01
2.498755922483855230e+01
2.192769805026602015e+01
2.190876339350336011e+01
2.410289441458833792e+01
2.116627757910546492e+01
2.258607300484530356e+01
2.656879966741793098e+01
2.140830112757499037e+01
2.301464660770107429e+01
2.037315280728032363e+01
2.198236309428169832e+01
2.058287945074938818e+01
2.115436520247678587e+01
2.089637046526004482e+01
2.310696633568374025e+01
2.174728017309796613e+01
2.177457395247289540e+01
2.345930865980605162e+01
2.133844766499414547e+01
2.165882193180473081e+01
2.395424086997802959e+01
2.272536180045807441e+01
2.341843703236215646e+01
2.439086119578250589e+01
2.621907675184089115e+01
2.206752636289201064e+01
2.596410310496500884e+01
2.449804982396244313e+01
2.339044381538591821e+01
2.416054622197606250e+01
2.091223948616567441e+01
2.190053753792445335e+01
2.146766540377383237e+01
2.200637092248057769e+01
2.332259315729318416e+01
2.205104566568679303e+01
2.204069395141005216e+01
2.285544594258828255e+01
2.411385982568408437e+01
2.129840118854954767e+01
2.332074170022859505e+01
2.180236174034929775e+01
2.568675140570767113e+01
2.318421351410930598e+01
2.127829651782440834e+01
2.453629691107834887e+01
2.138846990833409123e+01
2.139929933757305847e+01
2.291667604459558660e+01
2.336274447025956746e+01
2.393517066301834006e+01
2.196267256648169308e+01
2.353878969100715324e+01
2.158915464771024872e+01
2.308553330864383568e+01
2.436445922961972244e+01
2.266885642225559394e+01
2.487622119504815643e+01
2.244248363264522084e+01
2.285585772476301969e+01
2.630017048370024568e+01
2.524245126734275857e+01
2.144953249701178066e+01
2.272937522249313602e+01
2.285362174283214287e+01
2.440482925698978889e+01
2.113133028159301574e+01
2.248684411717475129e+01
2.077301399325267894e+01
2.383287630174445226e+01
2.408039830837780571e+01
2.587020026914512627e+01
2.180385977999912228e+01
2.112676900601847407e+01
2.451333082281930587e+01
2.387912358211238839e+01
2.091549379064655767e+01
2.365435669520471507e+01
2.211283551804109848e+01
2.115814716654412919e+01
2.306829494986822482e+01
2.408904491323434627e+01
2.300691117230021021e+01
2.345089840444617479e+01
2.136783840432083892e+01
2.228532960605317470e+01
2.149419015337666750e+01
2.142903973311085863e+01
2.115216228424212375e+01
2.203267887150215287e+01
2.556259095359306954e+01
2.179348683866425418e+01
2.385421035181517624e+01
2.391603718551729330e+01
2.330391179129277646e+01
2.518553657731581552e+01
2.195417093153382737e+01
2.159263994818563859e+01
2.143626378910620289e+01
2.309998554664615966e+01
2.245672043827780229e+01
2.248816151623372050e+01
2.463595166359723265e+01
2.240840445543842563e+01
2.212018145773609845e+01
2.348192654238629729e+01
2.316609571250146615e+01
2.299501604588633796e+01
2.351138683217776659e+01
2.344656378059568169e+01
2.358504066750083084e+01
2.388915004701440381e+01
2.140898349119700228e+01
2.179808128495744057e+01
2.272227196617808787e+01
2.168371638364268250e+01
2.274704694979127595e+01
2.230491175126325132e+01
2.453709134102676614e+01
2.377391168653887732e+01
2.641172695418352490e+01
2.232664257066177527e+01
2.235588984285432446e+01
2.034779486117006186e+01
2.440000696484410625e+01
2.530417253586329096e+01
2.472470345407722903e+01
2.299534672791985201e+01
2.256704945599897982e+01
2.175836930705296268e+01
2.149703586908813691e+01
2.280101517268166944e+01
2.287891329050902556e+01
2.139964564787215551e+01
2.342615917516373614e+01
2.065861561666615032e+01
2.012214621306170415e+01
2.430579454014714358e+01
2.044131381186994290e+01
2.201196570582640533e+01
1.995419498629865984e+01
2.365085856108284545e+01
2.481976518651542207e+01
2.007151081543537074e+01
2.506422833719883414e+01
2.275103667990347844e+01
2.416125676088344321e+01
2.090940310999722485e+01
2.206174090360598683e+01
2.098254788618194411e+01
2.258152419558114943e+01
2.252130833573168900e+01
2.184095950782135631e+01
2.551965352694766054e+01
2.116664789790080903e+01
2.245697221214621209e+01
2.239900833285568282e+01
2.058471033197352895e+01
2.222185976930833107e+01
2.495849291561853178e+01
2.260432080095393914e+01
2.236714491386985060e+01
2.275499033006400040e+01
2.264661103763944894e+01
2.218627969712021297e+01
2.379005154103268893e+01
2.066539193753633796e+01
2.057384453678748315e+01
2.099896389266360686e+01
2.185721989529565334e+01
2.382339258009250216e+01
2.268299537601259530e+01
2.493975186417022627e+01
2.315414915766821125e+01
2.396125973562094202e+01
2.320258597311562099e+01
2.289939484291971894e+01
2.255794154830984155e+01
1.967770182911878152e+01
2.285180277919156566e+01
2.102685691528360934e+01
2.272141560383477810e+01
1.993222407464974211e+01
2.319593380022362794e+01
2.228175512459156593e+01
2.457391009359723455e+01
2.369077709820806987e+01
2.109692821372745186e+01
2.124182918530511799e+01
2.086050586243526439e+01
2.535703773148320650e+01
2.113251455338639673e+01
2.448250831946437600e+01
2.174103984736045092e+01
2.304547015002108878e+01
2.211152651944289005e+01
2.337144022173365698e+01
2.371312064206817638e+01
2.168579598525018071e+01
2.603249237210422251e+01
2.165214728686185097e+01
2.100159490162995013e+01
2.431933295121334737e+01
2.270130776768356640e+01
2.407310697439857705e+01
2.489181761243460045e+01
2.307542282181770688e+01
2.136942035006933693e+01
2.615967415422598563e+01
2.178199834606878582e+01
2.317975257463888994e+01
2.149567721074541993e+01
2.340627612966342141e+01
2.355062980660009231e+01
2.347261775421758045e+01
2.190576801485908476e+01
2.501244019759106507e+01
2.307651395983882026e+01
2.437470195025485253e+01
2.448248771131650869e+01
2.173111067867296953e+01
2.386296382651092784e+01
2.362670927089848405e+01
2.288606046080536771e+01
2.546793936560236560e+01
2.433602005549527192e+01
2.410969341397194299e+01
2.112358828799348487e+01
2.140407488429129401e+01
2.152064448640988203e+01
2.295661250847586743e+01
2.521418335891365814e+01
2.254398850683969968e+01
2.137630128138546226e+01
2.119575681999932826e+01
2.240106301759870178e+01
2.287182802877889998e+01
2.253738512039067032e+01
2.229768028788534551e+01
2.197544161945243957e+01
2.141372519499284621e+01
2.059430712785475137e+01
2.265829029566397423e+01
2.343316350497265788e+01
1.942633009151123602e+01
2.138679370776532096e+01
2.105547838815654416e+01
2.511219829817602189e+01
2.039706026579660758e+01
2.331400262193927375e+01
2.116550963448113976e+01
2.204553674647767281e+01
2.324819587610658900e+01
2.407038216717394619e+01
2.424841761086970493e+01
1.983011270898624900e+01
2.306536522751603968e+01
2.662315370510859935e+01
2.302377061881577092e+01
2.451218351779851901e+01
2.311703357718909047e+01
2.187320806740831713e+01
2.137154749371259754e+01
2.295550693759953731e+01
2.007488052750333551e+01
2.402284372106693411e+01
2.381811597395716973e+01
2.467921582575727157e+01
2.248588571220733456e+01
2.274165648731295519e+01
2.308289411640038225e+01
2.328822752383254979e+01
2.248595584447872398e+01
2.108289019960754374e+01
2.292318207342272629e+01
2.351307436907544357e+01
2.251993864764630970e+01
2.399225411944040687e+01
2.095038463533549589e+01
2.236461713718452415e+01
2.198912756772326205e+01
2.495479397520093201e+01
1.990402833432104757e+01
2.302535128346200111e+01
2.031539840589157819e+01
2.558776084201101852e+01
2.249557224443600845e+01
2.298925272945842124e+01
2.331575054481572096e+01
2.085523922218807868e+01
1.980699266559898675e+01
2.124939010601363876e+01
2.217471516731873393e+01
2.151641791714629548e+01
2.315776078199595389e+01
2.301001866615741065e+01
2.465005898412264074e+01
2.226594983060747879e+01
2.241974651646604855e+01
2.334871629497690293e+01
2.129852085988436983e+01
2.505120043641906591e+01
2.319646010385754664e+01
2.286107464573973758e+01
2.420516411745547103e+01
2.423845600693620383e+01
2.012379602197005113e+01
2.295395133255093967e+01
2.261646681159059824e+01
2.345437342070605169e+01
2.411543946052466936e+01
2.243274354773788204e+01
2.368306552275155497e+01
2.454146128098565072e+01
2.588314809529852667e+01
2.062588359604847454e+01
2.285901778394697459e+01
2.065143403703304870e+01
2.263446785595602861e+01
2.090525162086604993e+01
2.215151922477932089e+01
2.189246257294631448e+01
2.449961229125237949e+01
2.453122183993103533e+01
2.209989204492817549e+01
2.262861733536875164e+01
2.386221702605894990e+01
2.334597537541867496e+01
2.368363902106609942e+01
2.344940349448970096e+01
2.356992063015189842e+01
2.216975135681556353e+01
2.405367264666311300e+01
2.361036752366506875e+01
2.328153075936542393e+01
2.434477682714096858e+01
2.091116187460826836e+01
2.269020301165041431e+01
2.126601152477337919e+01
2.377397490082356413e+01
2.259936533723695717e+01
2.171159475846441822e+01
2.319581941096553024e+01
2.462019434071281054e+01
2.382136231665502635e+01
2.073764812785638512e+01
2.322906290920316152e+01
2.489982345741737291e+01
2.359925089904503537e+01
2.065985507766605522e+01
2.076593945993236190e+01
2.328092910895037448e+01
2.156288419019782410e+01
2.271787752645396807e+01
2.114412677356980197e+01
2.124327094317580844e+01
2.155192290656198750e+01
2.299599522674398244e+01
2.234668892139836416e+01
2.219408377628434081e+01
2.580539704825226011e+01
2.215066368391748952e+01
2.283684582258050000e+01
2.409593982978603677e+01
2.246458546238327614e+01
2.063690531023939556e+01
2.306742833976549178e+01
2.150514881861606753e+01
2.194664103151120926e+01
2.263613145403346749e+01
2.292174874567553289e+01
2.333384742682466140e+01
2.288881237133897173e+01
2.529353560660692679e+01
2.024344490539554897e+01
2.379705538130458109e+01
2.348489051745991674e+01
2.184239638110264536e+01
2.502709030998879669e+01
2.216014708125159061e+01
2.292464367046638429e+01
2.106798810197830463e+01
2.383720876250020382e+01
2.014456723247310421e+01
2.237895964184568243e+01
2.174126460592281518e+01
2.407577103523316708e+01
2.145640315973612289e+01
2.077022815637054620e+01
2.336758605201212902e+01
2.469536652159317924e+01
2.292276805264302908e+01
2.387155036049076173e+01
2.125405719424735906e+01
2.212358651075892979e+01
2.410783061107527203e+01
2.244037188025040663e+01
2.229275492046112461e+01
2.447376389323433088e+01
2.233892505123711203e+01
2.225337329648801798e+01
2.192618313660397433e+01
2.330922042628370505e+01
2.095607269840368048e+01
2.341866666854622991e+01
2.185175301587630514e+01
2.474256691299649802e+01
2.392423122457967466e+01
2.214274659916923227e+01
2.172754844711612776e+01
2.319603915034316444e+01
2.501639865418598419e+01
2.199081875616020199e+01
2.372100812925023305e+01
2.225367276126557314e+01
2.239401277748191177e+01
2.132838072866977441e+01
2.267708548704163363e+01
2.253833354814342371e+01
2.526765355163557203e+01
2.376641858718097211e+01
2.288136084317041252e+01
2.000945871806223764e+01
2.383333685173659333e+01
2.070125456133482444e+01
2.528077966262044285e+01
2.183407239612508377e+01
2.409492109261313431e+01
2.110956090097692339e+01
2.419917334953656862e+01
2.234798210507996785e+01
2.317226160758027476e+01
2.323143875399799541e+01
2.190176052801335516e+01
2.207990532297248976e+01
2.581906710187089260e+01
2.358336639152874525e+01
2.450585759102545325e+01
2.098008215328271930e+01
2.190596105582311992e+01
2.146100530770766923e+01
2.155044567016218338e+01
2.025812528856893380e+01
2.298779785532493847e+01
