2.422109757414821729e+01
2.560624462028138737e+01
2.416106267364726179e+01
2.626803078392313751e+01
2.242484908483266892e+01
2.365672604633376253e+01
2.275318055316312282e+01
2.437141160051729472e+01
2.299257403226934926e+01
2.017432166764715973e+01
2.308164270266506435e+01
2.340176045259652327e+01
2.473697827906287472e+01
2.299767606518795304e+01
2.286820213155609949e+01
2.100568184443082487e+01
2.281225551998355527e+01
2.693448103240211822e+01
2.324208714843871704e+01
2.356225411434335015e+01
2.067480603733043765e+01
2.421600634608826041e+01
2.482738193869922938e+01
2.280676177405859661e+01
2.145522021157266579e+01
2.078736495766974812e+01
2.397067522346154078e+01
2.533851190687973443e+01
2.620628770181426503e+01
2.314273690370356107e+01
2.386110342309589072e+01
2.329673548501842006e+01
2.155608399817643672e+01
2.278796193865517594e+01
2.386042719724920147e+01
2.056411625883806593e+01
2.427067508224462600e+01
2.352661756024598816e+01
2.486995558336719370e+01
2.427660818698155154e+01
2.095354050985960725e+01
2.372511706156851474e+01
2.423663784579462899e+01
2.417332165327532323e+01
2.469819403374589228e+01
2.353295861359508478e+01
2.333931465162351060e+01
2.238056494558682985e+01
2.471922677769856236e+01
2.147980004964620449e+01
2.276596737809941118e+01
2.322409876638948134e+01
2.423628505805056221e+01
2.042086578058684054e+01
2.156140016479541899e+01
2.209528815123663747e+01
2.245794532213288264e+01
2.520783487199331674e+01
2.313326630888090563e+01
2.225262127279722790e+01
2.462920270818995405e+01
2.281744850790698464e+01
2.234403501962531280e+01
2.077469047097208588e+01
2.435920149481630048e+01
2.086001871078438796e+01
2.473770779032472333e+01
2.171442925433695237e+01
2.221297686301879537e+01
2.118699948342644035e+01
2.147470351270886013e+01
2.338801449493516316e+01
2.081404372475823550e+01
2.163561395078973248e+01
2.368343274527365239e+01
2.113712423592309619e+01
2.195813784211261677e+01
2.475376297651810731e+01
2.276543024136185522e+01
2.288298456145118820e+01
2.389109315774430797e+01
2.318369480017360473e+01
2.019404105574729869e+01
2.457655443753473890e+01
2.375988244451409059e+01
2.216185995771340345e+01
2.279049907289227406e+01
2.246593376324280555e+01
1.971601381952637411e+01
2.144136790329856979e+01
2.373885111884951371e+01
2.115856543185384098e+01
2.216728503658980998e+01
2.338989571269809531e+01
1.973539584498982080e+01
2.395453185192275214e+01
2.260183378757229278e+01
2.383441341268038727e+01
2.195329340225907089e+01
2.187755962168068891e+01
2.126370364468653662e+01
2.442785674756254011e+01
2.011643023481499881e+01
2.472109033994053817e+01
2.107486382955985249e+01
1.888581669333569479e+01
1.912259499803365870e+01
2.347049207058977061e+01
2.123966978290517460e+01
2.479357584776808920e+01
2.315037073904862552e+01
2.264614448315874640e+01
2.228574611873546729e+01
2.114523740114776018e+01
2.256261729374807246e+01
2.359554705129518837e+01
2.323179975816470488e+01
2.295370663236335673e+01
2.252059633322851440e+01
2.495890695213386223e+01
2.401732744225725114e+01
2.080063935993947055e+01
2.134111973123500050e+01
2.319910056300106760e+01
2.153592800956182884e+01
2.631049887863941450e+01
2.159631046204765426e+01
2.168717669687415750e+01
2.491939198839258651e+01
2.131151943038421592e+01
2.244547453850837115e+01
2.054127946477846578e+01
2.131982175315309647e+01
2.397687420568237471e+01
2.340951561831034411e+01
2.257848053801191313e+01
2.237102100719194553e+01
2.228912833454374365e+01
2.220274927541974463e+01
2.382297572369466820e+01
2.266547244113892035e+01
2.218767272244384969e+01
2.209705603356556836e+01
2.176769642461855270e+01
2.265872144503305918e+01
2.260316682784531039e+01
2.222184081415158019e+01
2.192381124064414522e+01
2.397733694553655681e+01
2.238516477085888567e+01
2.538753850946585544e+01
2.337512976880009674e+01
2.076245201603433799e+01
2.198417243377779684e+01
2.276241176854400905e+01
2.420344469713457158e+01
2.272566094521087265e+01
2.444938068534707298e+01
2.428587147934033297e+01
2.247041664750043921e+01
2.656697071385845987e+01
2.431010092454262761e+01
2.128690931067589531e+01
2.116311404998997858e+01
2.106259750847808832e+01
2.362242671254544035e+01
1.982345200620719083e+01
2.061021504910008417e+01
2.282790350273043600e+01
2.237469852335269493e+01
2.177505561098219289e+01
2.117891517972122983e+01
2.408281694113753346e+01
2.149418167238165367e+01
2.248566484490662987e+01
2.368699599021305602e+01
2.248001732726896051e+01
2.604245098578259032e+01
2.328969703746765418e+01
2.308942171600303794e+01
2.277373294347168908e+01
2.257245756055209895e+01
2.258404668496583767e+01
2.148824865161936870e+01
1.952460282742746500e+01
2.145794842555568849e+01
2.284592838704505979e+01
2.258592957775790566e+01
2.444580355281328821e+01
2.339529934099849129e+01
2.117841551104070419e+01
2.467971125033394841e+01
2.194995115258801022e+01
2.409691206180847445e+01
2.316223730228407618e+01
2.222058461410685837e+01
2.280539621325842248e+01
2.505576377364824836e+01
2.186358773551620516e+01
2.377992561090465529e+01
2.404651949414391154e+01
2.499461936544104645e+01
2.137109438096870306e+01
2.190523881187841226e+01
2.538210890106189055e+01
2.287368808709121737e+01
2.354182424164590870e+01
2.450790033223956499e+01
2.360564515116480777e+01
2.088811543141428828e+01
2.029536232701381593e+01
2.452028902328147808e+01
2.328600268966795284e+01
2.226138749646224113e+01
2.145824535963681612e+01
2.188864261862606497e+01
2.412704326193970061e+01
2.576593424812746136e+01
2.331295381735958117e+01
2.408760716620981768e+01
2.239419415059395391e+01
2.220463064962868316e+01
2.280269066919516874e+01
2.128260243949644348e+01
2.176751508983567618e+01
2.192933055228842676e+01
2.268108799551731636e+01
2.186805094737710320e+01
2.145863443038476603e+01
2.311143390047062240e+01
2.231983234235201508e+01
2.321187698953384171e+01
2.411485087122293436e+01
2.343328609260656137e+01
2.162848652308733222e+01
2.183581260898280618e+01
2.191957066984986113e+01
2.170553084279351097e+01
2.413757538729330321e+01
2.200819723914801429e+01
2.375781481347013724e+01
2.315410269004385668e+01
2.070126793040468272e+01
2.275996608325974435e+01
2.497060900223976887e+01
2.287189005916965456e+01
2.113263240976255730e+01
2.189918383650948286e+01
2.302858999723507338e+01
2.124282543658972600e+01
2.269432684374691078e+01
2.386453322750920236e+01
2.227863331476157427e+01
2.096954653052656425e+01
2.293574910722956162e+01
2.494515559823183892e+01
2.343003042595726271e+01
2.429249571752211523e+01
2.035413695611522655e+01
2.329190784250274149e+01
2.059165220248707229e+01
2.257658435458218449e+01
2.395718851571484009e+01
2.187492280820422152e+01
2.254063917620211299e+01
2.117314755002242421e+01
2.147457088377491630e+01
2.123862005155800858e+01
2.445441905196650723e+01
2.214539444921885902e+01
2.178599087287787484e+01
2.297969619215045256e+01
2.506438956055729506e+01
2.106059222013949395e+01
2.245013760631562860e+01
2.174328688784612496e+01
2.242520554822634793e+01
2.219581865961923839e+01
2.245423515010846671e+01
2.264147945066966372e+01
2.526297404222748710e+01
2.400713436508659626e+01
2.318979409263195635e+01
2.329001901550615372e+01
2.149310466937097175e+01
2.278506507355013255e+01
2.321668973527381752e+01
2.253348071224673888e+01
2.193346714334741776e+01
2.634095808169395170e+01
2.235882074798045949e+01
2.279500793648697154e+01
2.488089000314299071e+01
2.170208510966907411e+01
2.393898408907591602e+01
2.259259236616404465e+01
2.123332330253918343e+01
2.463825465387250091e+01
2.411762643626741109e+01
2.262642656836234778e+01
2.215542769927639455e+01
2.121810337293684512e+01
2.247752100736945380e+01
1.981227878586255287e+01
2.452447214804740838e+01
2.106887605295840160e+01
2.233243726811079810e+01
2.618793112202323670e+01
2.047061734987656223e+01
1.934548843048435174e+01
1.982037730741609849e+01
2.258620342843786588e+01
2.513757862189121184e+01
2.099472817831188465e+01
2.276813449572112802e+01
2.300527279895784361e+01
2.660088443447724416e+01
2.452940508179066370e+01
2.234991205368033462e+01
1.896491108854526786e+01
2.549508850671180227e+01
2.659944980311064100e+01
2.331547688330121915e+01
2.325378019708641730e+01
2.186618117694320418e+01
2.066511976670570050e+01
2.212794287536152993e+01
2.332671473867431544e+01
2.194074562687326946e+01
2.198452905366458410e+01
2.360786111361983330e+01
2.057023446712382864e+01
2.346532310679116051e+01
2.084774257897220906e+01
2.522619182432217499e+01
2.524717026419854804e+01
2.484320472509402578e+01
2.458405999964950439e+01
2.491796474126946492e+01
2.232093799836432524e+01
2.344657685995296603e+01
2.470095287613112944e+01
2.099330263695800625e+01
2.323453152514414910e+01
2.369459653647565744e+01
2.054227405774655679e+01
2.323053868194110194e+01
2.135214285316464000e+01
2.268166987590986139e+01
2.278553775118886904e+01
2.254472242471392462e+01
2.257966695137960755e+01
2.483244207467832609e+01
2.259741458557163085e+01
2.044409756728539662e+01
2.217551835481581080e+01
2.426740454680973968e+01
2.354077396173140002e+01
2.071290132384349292e+01
2.400218588933498509e+01
2.436151550618327022e+01
2.214949421449944111e+01
1.823758850403194032e+01
2.386253005955847328e+01
2.388472002139521067e+01
2.414400329269046352e+01
2.463539945790662600e+01
2.348857463571222226e+01
2.096703312166670941e+01
2.236165376333804033e+01
2.167761356785565852e+01
2.571639530138953589e+01
2.271653565290795740e+01
2.167785233732214323e+01
2.270529023466463414e+01
2.184080964653519530e+01
2.135339565462739131e+01
2.257960403857300946e+01
2.223914069558020756e+01
2.399143595105676496e+01
1.966329122677248620e+01
2.433223698557034353e+01
2.497841968435316673e+01
2.306894697588135656e+01
2.303168731578768202e+01
2.088960457966010154e+01
2.489982505504655563e+01
2.409493504653355700e+01
2.349969240257967584e+01
2.192259915508374490e+01
2.396834321984873739e+01
2.136582261172392450e+01
2.440343231598019713e+01
2.451248790227912977e+01
2.426924251355870510e+01
2.263692335026435742e+01
2.217946209496979293e+01
2.233021880589556218e+01
2.050842770931881986e+01
2.281095007088234183e+01
2.546645963581374517e+01
2.149415419205469746e+01
2.207330094601579873e+01
2.156800428826229066e+01
2.116440939741736926e+01
2.263217385869798548e+01
2.277319570585724406e+01
2.302357796592780304e+01
2.147436355350150450e+01
2.082537568013349372e+01
2.224307483813482023e+01
2.284061478854282967e+01
2.245141935704267055e+01
2.273338972404915026e+01
2.246171749274975937e+01
2.220049458836664158e+01
2.205541086133649387e+01
2.336091992102945625e+01
2.271827362369465320e+01
2.359758148472013062e+01
2.422505482645441433e+01
2.188315156846657672e+01
2.060427367019465095e+01
2.067344542570738142e+01
2.372127820574039703e+01
2.117078429846777965e+01
2.052244391007702262e+01
2.306967331378417896e+01
2.229906268628811006e+01
2.516551664257194432e+01
2.153672603352039516e+01
2.249144649665296924e+01
2.419613212831040627e+01
2.417310320790484468e+01
2.213323658525170856e+01
2.290794685435488276e+01
2.205960616797715801e+01
2.383374111237941406e+01
1.958780123548156737e+01
2.130348749820406695e+01
2.330120901106213793e+01
2.132759677524822095e+01
2.159326227486829808e+01
2.137745407012935672e+01
2.336893427642948140e+01
2.371138954629600093e+01
2.541633404952053255e+01
2.075575199676342208e+01
2.195404375438650035e+01
2.157332230566557740e+01
2.545901479066574780e+01
2.522179108220090527e+01
2.426276274799583277e+01
2.232597576475148315e+01
2.108712120183424332e+01
2.295787831016932046e+01
2.139312627215996798e+01
2.290432031885060837e+01
2.150055825961875655e+01
2.077740967565553731e+01
2.231251440189133461e+01
2.114618424034819810e+01
2.426081775283569897e+01
2.415521004592391208e+01
2.433302500681035241e+01
2.302673025508892835e+01
2.243490081930798397e+01
2.499418221612672397e+01
2.289826156995256667e+01
2.443234365605495384e+01
2.251649095933617062e+01
2.478341040408531626e+01
2.325838888057539577e+01
2.526620239617620456e+01
2.618406051843481563e+01
2.266495352166314703e+01
2.415612346692208590e+01
2.504469349910527853e+01
2.315601621817570788e+01
2.223342718959444397e+01
2.218061361122840580e+01
2.300650719976536251e+01
2.291336578180347061e+01
2.444149464927723869e+01
2.294682464366630725e+01
2.227167426537301864e+01
1.937679213599301420e+01
2.405801114295192988e+01
2.396665563949099820e+01
2.048221562114034455e+01
2.270480296120419439e+01
2.360079794983305135e+01
2.294073424604837896e+01
2.425232701424672399e+01
2.229217794679066245e+01
1.934352860485725856e+01
2.398732027359602270e+01
2.305683448896391496e+01
2.298076292828270084e+01
2.012125530694253328e+01
2.254009260452203023e+01
2.208490841233181001e+01
2.155924208524345786e+01
2.327179784633297999e+01
2.385574920642292440e+01
2.419451611745178354e+01
2.221223774909230997e+01
2.347110577877947790e+01
2.380010755361936248e+01
2.117139342416661307e+01
2.059237265647274384e+01
2.276037752659425450e+01
2.289210868261958609e+01
2.028879578741776868e+01
2.278887811052466361e+01
2.155965541048554357e+01
2.174750281722739942e+01
2.345475331760754756e+01
2.149213516268340030e+01
2.271727096073463770e+01
2.573976435562296672e+01
2.168169206613816158e+01
2.357182602949052352e+01
2.370861417732877996e+01
2.188985242850672819e+01
2.277769775710609679e+01
2.432970938174599596e+01
2.274651176273543385e+01
2.118521623264360088e+01
2.350554876244287783e+01
2.153793429297818918e+01
2.303899129299197668e+01
2.409853935009342152e+01
2.160097443888921731e+01
2.212445690669494169e+01
2.107211581437018921e+01
2.266842961968417924e+01
2.378253019763941012e+01
2.411148269832863633e+01
2.266384906996022508e+01
2.147730832210206842e+01
2.289060276758574020e+01
2.146851108020298682e+01
2.323556572496336159e+01
2.169719801900957989e+01
2.133782756161413730e+01
2.274935331789285087e+01
2.134964511316558955e+01
2.111866508954492261e+01
2.183712141722895694e+01
2.295607351986367561e+01
2.512883675375908155e+01
2.096180540367766554e+01
2.117762726183664768e+01
2.449622433486519668e+01
2.138341415236653376e+01
2.470004842222771302e+01
2.151701232433260103e+01
2.114455371373460935e+01
2.404024065292240664e+01
2.134595991433657147e+01
2.164134924938397475e+01
2.751791535619079454e+01
2.127754133194673614e+01
2.284131494812462648e+01
2.082409735711620513e+01
2.284650626788581818e+01
2.007813045104498428e+01
2.109428778815447458e+01
2.061124418115474199e+01
2.280110104962793116e+01
2.223528424571476236e+01
2.166611220449776098e+01
2.398786270843909207e+01
2.206822964462500991e+01
2.128474892998872647e+01
2.363971973028572648e+01
2.367654256789787581e+01
2.413692587547761548e+01
2.434776293075482911e+01
2.685938954647569332e+01
2.099916549621422845e+01
2.549342895777027351e+01
2.280886158982742984e+01
2.278566296076266084e+01
2.419705532083498056e+01
2.123198765411008182e+01
2.177809869960795908e+01
2.159413364136410962e+01
2.234135354252993011e+01
2.300259976036108611e+01
2.292356418065573820e+01
2.153693494458044100e+01
2.229328312647308508e+01
2.433958262833232311e+01
2.059084164968756880e+01
2.320139547930148183e+01
2.157888559659394190e+01
2.544612748311950057e+01
2.304528700414808995e+01
2.215549014798961380e+01
2.550828245074712797e+01
2.087913685942326225e+01
2.121864490114201729e+01
2.273242915825698063e+01
2.340777628239634112e+01
2.319684577498173184e+01
2.190080375020069781e+01
2.271882084519210920e+01
2.191581946481344900e+01
2.303470692799367470e+01
2.450651066465080419e+01
2.248463206252686675e+01
2.486458547509913686e+01
2.203658199787652450e+01
2.215801695580811526e+01
2.593722831206437718e+01
2.561128761949190036e+01
2.178966591966360866e+01
2.235841543050181102e+01
2.340400098149313379e+01
2.383301402660352508e+01
2.203083847337222778e+01
2.186495358820154422e+01
2.004305693206035244e+01
2.363949360368367891e+01
2.472915500228400276e+01
2.552806885885510724e+01
2.150414742872489526e+01
2.123832023432158422e+01
2.429326315215348586e+01
2.365602293855117821e+01
2.042794546185176685e+01
2.389192671165802295e+01
2.154235508923920150e+01
2.097694362057868744e+01
2.334273951867462316e+01
2.413049084789595611e+01
2.324456749833617408e+01
2.263697982617785698e+01
2.009338082001048775e+01
2.276427019600384583e+01
2.186985511867362320e+01
2.159990197517057453e+01
2.130527166260892713e+01
2.228717506514861668e+01
2.519337952868035657e+01
2.206383591640594943e+01
2.298396653903802900e+01
2.382473594953333418e+01
2.365383779697650013e+01
2.540229287658020141e+01
2.130942875395207281e+01
2.220019717192508679e+01
2.147633017496498198e+01
2.308105405176247515e+01
2.222843105501582528e+01
2.273267312359529413e+01
2.404285182572631285e+01
2.262675039252563991e+01
2.300540039841476414e+01
2.411801641655147677e+01
2.308549348339377261e+01
2.325115476136700465e+01
2.383408719443306012e+01
2.322258456486380496e+01
2.284037115866576073e+01
2.403589356805546728e+01
2.171275156426535702e+01
2.157983665007103369e+01
2.211153071652188373e+01
2.143131066124404072e+01
2.320378755093874190e+01
2.335992089910239145e+01
2.407763445573623784e+01
2.393325040028562967e+01
2.603658975906217776e+01
2.183895840399013366e+01
2.241234947805291000e+01
2.096822032069173503e+01
2.414617552500314446e+01
2.580956211067001860e+01
2.353644747834768580e+01
2.349039332882600206e+01
2.245262147511895279e+01
2.151499081006788572e+01
2.157173220878011932e+01
2.259595533216858243e+01
2.297022016856715254e+01
2.232201436238241854e+01
2.365015646502923730e+01
2.149328243671720173e+01
2.143347575232075997e+01
2.407336014304947369e+01
2.001535672553621126e+01
2.247435667585825669e+01
2.033019906247404762e+01
2.353610629668712306e+01
2.490579884060244353e+01
1.977015048955778553e+01
2.435147321423110256e+01
2.214350487852351534e+01
2.428247775269131026e+01
2.079968196090193899e+01
2.103291703664505974e+01
2.075692174971085180e+01
2.229211967551160001e+01
2.177698486446890058e+01
2.266591743108202550e+01
2.591535166253594014e+01
2.150682743375196893e+01
2.273132008531739956e+01
2.195445305141792147e+01
2.047050915272802740e+01
2.171212761977630379e+01
2.407567954958027201e+01
2.269747852885329209e+01
2.274162478766194795e+01
2.284674819294498249e+01
2.217781670841491604e+01
2.174699359553285305e+01
2.376785400126302505e+01
2.031565497988611213e+01
2.017628950391842935e+01
2.047419555108494293e+01
2.188752989316159514e+01
2.380548130864755407e+01
2.195329549312905115e+01
2.483973019265788551e+01
2.293243417656735517e+01
2.465235828423999820e+01
2.300368734098507417e+01
2.303494482859868242e+01
2.171530903431730408e+01
1.971349282645818235e+01
2.308195623173978106e+01
2.183504183505519336e+01
2.323589727512937131e+01
1.935917002902457185e+01
2.280884780789954291e+01
2.256149867704503365e+01
2.415409122745474590e+01
2.426104555758892189e+01
2.185644329861343138e+01
2.170403368325336757e+01
2.149064345698735679e+01
2.445088124372308513e+01
2.135906833740096644e+01
2.367611551240810996e+01
2.298739107661845082e+01
2.412332646001311787e+01
2.162336829712299036e+01
2.378116971106053157e+01
2.469143331056755741e+01
2.114280818423651809e+01
2.599833221493450708e+01
2.152501030970606521e+01
2.169176011097516010e+01
2.454366769018761119e+01
2.253050739245100331e+01
2.329848960765365717e+01
2.476548783267752540e+01
2.281244180775211916e+01
2.122168657821745086e+01
2.550643599605531975e+01
2.193577978950464669e+01
2.243214276891920989e+01
2.161027361916043077e+01
2.286571497188740310e+01
2.332176570446367236e+01
2.219721277377333024e+01
2.338186342451192701e+01
2.421834340880533176e+01
2.301692084642193592e+01
2.382637488894462408e+01
2.404275002207304013e+01
2.127253891924542017e+01
2.433489631204896142e+01
2.345317330119551258e+01
2.311661495305248692e+01
2.615217153742249678e+01
2.460521666791620632e+01
2.398772051092340973e+01
2.124030170321646693e+01
2.118852991585848144e+01
2.090864409205506291e+01
2.292704908734065583e+01
2.448625058771784779e+01
2.385303605796544346e+01
2.232720915271051609e+01
2.138500984128026161e+01
2.331894332588271368e+01
2.241607089957283705e+01
2.138003043925795765e+01
2.221489886169974781e+01
2.172825387759150217e+01
2.222876514179104035e+01
2.109781565481842236e+01
2.172849456989925798e+01
2.356797329999341173e+01
1.939247807607904406e+01
2.107611101817603583e+01
2.001222165023631305e+01
2.448528219909580272e+01
2.051094858013156141e+01
2.336311095549452688e+01
2.103394766915300096e+01
2.091885419614350994e+01
2.353734882713759546e+01
2.435673314719173632e+01
2.426173080909853752e+01
2.061990570368199016e+01
2.419476240377258236e+01
2.555884219385826484e+01
2.271199611420233921e+01
2.409013039531099665e+01
2.354717995800703889e+01
2.145523452998688896e+01
2.145899112673693310e+01
2.315984803114303148e+01
2.017849072717737613e+01
2.480084084320865045e+01
2.395428098188947885e+01
2.399201901200678222e+01
2.390583287335386586e+01
2.261096128918313752e+01
2.278288852943331477e+01
2.229384353198056701e+01
2.376869543432497167e+01
2.134545374275714380e+01
2.298110853757636107e+01
2.314263261531614546e+01
2.292077851882754658e+01
2.425544524943416036e+01
2.072511112554212076e+01
2.170318898119051099e+01
2.188249988912580335e+01
2.548008610294305143e+01
2.006378500321575231e+01
2.270747001116463792e+01
2.046680205124858531e+01
2.458940489836584575e+01
2.255096295460442946e+01
2.384636326163682440e+01
2.357569527810167642e+01
2.054545272999581584e+01
2.025416730133273902e+01
2.105826039135370564e+01
2.328953397737404174e+01
2.198140997570663657e+01
2.255127613892279825e+01
2.333864190143756900e+01
2.439563631134165078e+01
2.213197317997448366e+01
2.242725942245358439e+01
2.397378790885838740e+01
2.162018588373804207e+01
2.447896014622747884e+01
2.404257448617665105e+01
2.276833133493709482e+01
2.318698953932989681e+01
2.428421529785691035e+01
1.973165407736046717e+01
2.308779053398901837e+01
2.227685383071126779e+01
2.341229151095766525e+01
2.292011200017282846e+01
2.267501394618721378e+01
2.373140407482323511e+01
2.460183104122599218e+01
2.618093472791024823e+01
2.058435394776475746e+01
2.270818606725806532e+01
2.102419701046963851e+01
2.176630979325686965e+01
2.096971438590594872e+01
2.132077814596566867e+01
2.139367797879133803e+01
2.464249917770183984e+01
2.338895913362925683e+01
2.172811880523360628e+01
2.173011325787443937e+01
2.396906882662958083e+01
2.307056848695093265e+01
2.308774246521776874e+01
2.353794990861150538e+01
2.376351397289287348e+01
2.202895933631110381e+01
2.489356148859144824e+01
2.373907787589841689e+01
2.306127720822734517e+01
2.449756514142936581e+01
2.223183450653512949e+01
2.245324163256464089e+01
2.250939475914690746e+01
2.354035525700813736e+01
2.335097574929465836e+01
2.099343540863108615e+01
2.371086552700976569e+01
2.449592228762263701e+01
2.265086316006199851e+01
2.062988865809581540e+01
2.353383113266687587e+01
2.399674353264883209e+01
2.320789032836692556e+01
1.965123611304727191e+01
2.176510925471691493e+01
2.364716531056669524e+01
2.182021858838752237e+01
2.347935280997055685e+01
2.081020053106114176e+01
2.112112652188044493e+01
2.222995359191322251e+01
2.341278680198400863e+01
2.276539907272661623e+01
2.195958573194296548e+01
2.595635325933584880e+01
2.184653678630122542e+01
2.338756041398258745e+01
2.386635548352860070e+01
2.328777655995479989e+01
2.100567824081533530e+01
2.234941693564514509e+01
2.161954293782127223e+01
2.172301171671734821e+01
2.205802757569832551e+01
2.288825397416141527e+01
2.375553463758856765e+01
2.188749314820775282e+01
2.517244440891501966e+01
2.056758440077441819e+01
2.374831480683837626e+01
2.355598624580466094e+01
2.117938333390641859e+01
2.567656559234021074e+01
2.201349165253832751e+01
2.299963802012369030e+01
2.117688111043776189e+01
2.345486124728878963e+01
2.030072031436041158e+01
2.254174517070739370e+01
2.175551355512605411e+01
2.352904316579316557e+01
2.141823698783930396e+01
2.109971136068841702e+01
2.190271448746987915e+01
2.454575309353106860e+01
2.304818218092152904e+01
2.458797854103674752e+01
2.139524705874845623e+01
2.171723112658147059e+01
2.370309644458890830e+01
2.196517957820002565e+01
2.260013338591221554e+01
2.405145161253300046e+01
2.142486364965874301e+01
2.157235463418667720e+01
2.155834145564029569e+01
2.266016047678171219e+01
2.140722649437169167e+01
2.344066074048674153e+01
2.129058577701088595e+01
2.438223167154094995e+01
2.425806892490137301e+01
2.196083167406904124e+01
2.160165495408454817e+01
2.285138312286177253e+01
2.460337574585205900e+01
2.296484957778020330e+01
2.346067218927003850e+01
2.268786209544467170e+01
2.255376475750418308e+01
2.197630118806556254e+01
2.319650947437196109e+01
2.246071744361902134e+01
2.532198997182760536e+01
2.435104136185080037e+01
2.315820007403657499e+01
1.987579825317349957e+01
2.416786293922894302e+01
2.175037583143491560e+01
2.539631383841522805e+01
2.219479805332404609e+01
2.439431539388792558e+01
2.122164813679179574e+01
2.431316908146796862e+01
2.171775017585593659e+01
2.221220575644763429e+01
2.223315482911555208e+01
2.137205433009720323e+01
2.293588654086306278e+01
2.580979264120770011e+01
2.298099208473201571e+01
2.429599574209308344e+01
2.130959963560366788e+01
2.229210131487136692e+01
2.102089042709823730e+01
2.129331689472690670e+01
2.108160123575270717e+01
2.222702087616540112e+01
