1.180875015235108849e+00
2.679775086291164143e+01
2.374447972862281020e+01
2.571996458022147181e+01
2.111854192857557777e+01
2.348973017498619242e+01
2.293237302218819096e+01
2.463812652603611397e+01
2.278383522333043132e+01
2.034334704027574148e+01
2.261392557770071221e+01
2.316226739008139290e+01
2.432787317985789244e+01
2.385968798232455512e+01
2.309434149330660802e+01
2.149065887485068771e+01
2.314802452150592771e+01
2.565685919172752349e+01
2.336840366026210702e+01
2.181153466409918451e+01
2.059087611748107349e+01
2.340530183770299288e+01
2.593675786531026262e+01
2.211547101496768164e+01
1.999911726939229339e+01
2.149448235447712463e+01
2.280952125169657663e+01
2.460954245217494218e+01
2.536970260289221457e+01
2.343016895352212003e+01
2.290743956315476382e+01
2.357193831452632793e+01
2.147865539293264447e+01
2.294537811033978869e+01
2.379821412436647421e+01
2.131048518901537037e+01
2.348856421776422820e+01
2.357052972048061790e+01
2.343581859395883882e+01
2.333418964451355748e+01
2.098400755666187578e+01
2.376494708924572308e+01
2.446753002518095244e+01
2.421581463465239992e+01
2.486548313279508449e+01
2.320643718442554615e+01
2.371072252995955054e+01
2.088907852881144933e+01
2.406210498135212461e+01
2.121143416945575666e+01
2.240102705785898607e+01
2.380134762134633064e+01
2.401860195633701878e+01
2.133110538276945434e+01
2.133241147057469078e+01
2.257322663695990528e+01
2.282986496349777994e+01
2.457352235461410572e+01
2.346955268283177887e+01
2.270340070119266329e+01
2.431394003909513657e+01
2.253384605575091371e+01
2.280387795749421187e+01
2.026375435079258125e+01
2.468789016363155753e+01
2.118481739468084513e+01
2.459350610025418149e+01
2.255187768971684292e+01
2.297370201382727473e+01
2.135956321331187979e+01
2.172786224271719036e+01
2.303751543422178472e+01
2.110593283177134794e+01
2.053371729664083745e+01
2.369831218918151805e+01
2.134539562632998155e+01
2.255098888070096308e+01
2.507738430678227459e+01
2.311095891013667014e+01
2.311778492461532508e+01
2.434912269222358816e+01
2.309272664375424355e+01
1.937872205812157489e+01
2.416252897258997479e+01
2.413794822582145372e+01
2.361916868187066498e+01
2.141603454019854880e+01
2.300323108992111898e+01
1.964682337552721947e+01
2.246062945020812407e+01
2.337382252363107327e+01
2.050679369866930202e+01
2.240750138014115933e+01
2.445426593154836326e+01
1.988515417197387691e+01
2.312123025885207639e+01
2.239374276580030809e+01
2.330412437511717982e+01
2.207314342765803161e+01
2.105469624815320628e+01
2.171201479750032348e+01
2.342942697715307787e+01
1.973346806955837351e+01
2.468045053311419323e+01
2.215101109241273747e+01
1.950429552314133019e+01
2.005221017425878216e+01
2.409360818262205584e+01
2.161060387738454835e+01
2.421431733793130192e+01
2.321808525458285999e+01
2.328834253083498140e+01
2.182718530518219779e+01
2.114920536963130004e+01
2.197335882067730850e+01
2.372896255971885182e+01
2.306567306888215896e+01
2.322062236751754227e+01
2.205734791110613457e+01
2.490209839433965655e+01
2.313047516589274011e+01
2.019640567402672104e+01
2.162258447061028122e+01
2.272859259396588172e+01
2.156328783161411167e+01
2.680514930569577103e+01
2.154515534676622224e+01
2.228472880155138114e+01
2.442286225524460619e+01
2.070703534624470876e+01
2.250622423882715495e+01
2.087858475894026000e+01
2.095967529842433663e+01
2.249099978903360864e+01
2.402044441740302361e+01
2.328960235282044167e+01
2.217254429025219409e+01
2.116143373549489581e+01
2.180148558967273686e+01
2.342365387041098401e+01
2.349622887883061395e+01
2.130241818100170548e+01
2.208523416587818033e+01
2.119749913574393574e+01
2.256091200784767636e+01
2.188898903840255628e+01
2.284329682637354608e+01
2.290867634303586797e+01
2.368093901293781300e+01
2.217061913851923194e+01
2.547533326158423606e+01
2.279587240514045021e+01
2.186020611349216125e+01
2.252706189268422676e+01
2.202183961067549234e+01
2.395912538997270502e+01
2.232042722516148814e+01
2.483288850096782241e+01
2.458710028090281341e+01
2.290818291407040519e+01
2.732647515969744845e+01
2.503084851363200869e+01
2.146964859665997238e+01
2.016396813110042530e+01
1.981824753273343731e+01
2.386077659166836540e+01
2.179033712470083728e+01
2.134445585126300671e+01
2.258512710598353834e+01
2.166792031594512480e+01
2.183657994467791852e+01
2.127235843192278253e+01
2.374792266041418998e+01
2.162794453791484983e+01
2.316610100105742731e+01
2.366857554985868717e+01
2.140424187246161125e+01
2.647114478235035051e+01
2.250229956135418874e+01
2.305512807030574507e+01
2.255910572540244630e+01
2.334731730441358977e+01
2.329733211556968797e+01
2.103977532635230219e+01
1.971931239282673332e+01
2.154963038567525757e+01
2.277101777959933315e+01
2.238741555477850298e+01
2.471389475770619626e+01
2.416464910122860132e+01
2.256192012259705848e+01
2.427498232101496001e+01
2.177141575383761563e+01
2.543436503444327812e+01
2.382023425130040195e+01
2.227017305690576876e+01
2.268873590702111898e+01
2.508815730236857888e+01
2.242438880266797696e+01
2.423419315243930328e+01
2.458569023228978523e+01
2.446256731858067823e+01
2.142466371700513150e+01
2.087947996988159360e+01
2.540351256291112847e+01
2.338154510673705389e+01
2.333694749216455833e+01
2.492065542684688850e+01
2.400224566228794387e+01
2.112825149795303403e+01
2.207291839600975081e+01
2.534186455712173114e+01
2.343246766940424308e+01
2.145059390697555202e+01
2.097022308240249444e+01
2.304839181903058076e+01
2.379389072396306304e+01
2.496573308776850197e+01
2.294996566183062470e+01
2.499782547788811371e+01
2.139255497642018256e+01
2.274031261885819077e+01
2.266660061405381299e+01
2.218116241691580726e+01
2.081431075444506007e+01
2.204608213417072804e+01
2.205003797355324835e+01
2.088789406878477450e+01
2.115583330105986448e+01
2.186748182333064250e+01
2.159046592220789051e+01
2.273631092037567925e+01
2.419461832822608827e+01
2.441417462921145543e+01
2.141386612180100713e+01
2.221679211835942880e+01
2.197394839137926326e+01
2.257867401760878678e+01
2.405392934638197389e+01
2.142955588402192646e+01
2.479276212145930458e+01
2.316743150407749852e+01
2.062992194829078585e+01
2.246005587894872235e+01
2.463802375802375622e+01
2.266720725723973473e+01
2.119658999726587112e+01
2.146463677317457197e+01
2.270212537737267056e+01
2.112534043984812371e+01
2.266547834986413434e+01
2.376487349385572756e+01
2.216307051121924587e+01
2.004666433408990756e+01
2.284230027826627207e+01
2.477161817258071252e+01
2.355337590299854966e+01
2.466927929136955555e+01
2.134327356064413195e+01
2.214669719376151846e+01
2.080730557356112698e+01
2.257360080118048629e+01
2.379793950933239444e+01
2.271632664236866361e+01
2.306912894139644266e+01
2.105311478930888214e+01
2.204588372714914968e+01
2.201278725295594541e+01
2.368742299174660459e+01
2.272906006318473970e+01
2.216054182062987721e+01
2.242493900884797142e+01
2.414841628952329700e+01
1.931047642931826047e+01
2.351315952248101482e+01
2.205559077783146193e+01
2.171997399728661193e+01
2.279050299798966606e+01
2.256513556457163716e+01
2.194059968834891450e+01
2.657178427293512257e+01
2.349874713730781295e+01
2.244055668373702872e+01
2.362960361161268352e+01
2.132928145632429562e+01
2.241326424081681523e+01
2.346329393444683831e+01
2.243590546409211228e+01
2.155512532260047820e+01
2.604379104660552358e+01
2.267777654665455600e+01
2.263507869038637565e+01
2.535907416911260981e+01
2.118708224913669369e+01
2.439722849919276015e+01
2.387896357050496476e+01
2.179240524527935818e+01
2.445711191506284976e+01
2.422662912119840684e+01
2.238860739501135555e+01
2.203980885215773355e+01
2.128162545827719399e+01
2.217636862832467415e+01
1.996517713385160775e+01
2.350338196640469945e+01
2.104066038536887007e+01
2.294837111970714716e+01
2.603797987068689679e+01
2.088465996080403642e+01
1.873337701855147586e+01
2.022742789406938613e+01
2.252259780974524972e+01
2.429627976083597218e+01
2.200379268940568522e+01
2.171028149501446691e+01
2.251231978164062397e+01
2.605860035356878868e+01
2.425434445057322108e+01
2.241279579612691464e+01
1.831051845990045379e+01
2.581913002984782679e+01
2.530241704780629419e+01
2.432084079193681703e+01
2.368167136113707016e+01
2.122582992624828435e+01
2.121217918195741348e+01
2.182355769886482477e+01
2.454263327748693868e+01
2.220982598761099425e+01
2.009022430066580966e+01
2.437789255954728773e+01
2.001763051106018310e+01
2.362863133169543417e+01
2.020506019955656285e+01
2.420634532288542573e+01
2.391660079615667200e+01
2.613037446501617467e+01
2.351416415705638485e+01
2.486584860847247924e+01
2.193815930141635206e+01
2.462039462288293024e+01
2.462700369127831124e+01
2.083848684882958935e+01
2.409889550955189108e+01
2.424579306713241422e+01
2.100854854689264428e+01
2.414352048367917902e+01
2.039557765775324683e+01
2.315624187556131375e+01
2.167526205836535880e+01
2.321890929582956176e+01
2.359028208551202610e+01
2.537405275857886267e+01
2.301784579140031539e+01
2.113251272614980891e+01
2.283918387628321511e+01
2.481976305055593102e+01
2.336109831240570145e+01
2.015957524936927925e+01
2.430321745595527005e+01
2.393761451360690273e+01
2.169688361498537432e+01
1.845691334120539295e+01
2.436753919427113146e+01
2.467609812266264058e+01
2.312885408462806680e+01
2.380091316861079420e+01
2.264426253556809954e+01
2.120687602381418202e+01
2.294298813144204985e+01
2.148494311836044801e+01
2.571663530282396337e+01
2.345520962486676808e+01
2.192079563959173427e+01
2.206740486909369992e+01
2.155205299502281946e+01
1.986581079208350431e+01
2.154592660711556462e+01
2.280794253088382462e+01
2.420082751440832780e+01
1.921732146869021207e+01
2.392023156067812550e+01
2.437783727146286950e+01
2.307450087708771136e+01
2.275605154440842171e+01
2.062243611045620995e+01
2.422255970344246023e+01
2.416860245800956974e+01
2.250417317905882086e+01
2.151420949430743335e+01
2.411173205928648855e+01
2.088645589578520045e+01
2.373055667730522700e+01
2.482856008986329854e+01
2.391206119469531188e+01
2.349120108671111495e+01
2.348398331561850938e+01
2.233731197844748451e+01
2.005733079053162271e+01
2.380464172393817890e+01
2.460032124725827174e+01
2.177949084852793504e+01
2.309293389098237270e+01
2.120864623902863499e+01
2.152517063460986435e+01
2.236962751795439885e+01
2.260403608007643683e+01
2.397248168105458177e+01
2.124386004508577486e+01
2.041716018397502097e+01
2.229117402426134120e+01
2.323068157139723411e+01
2.292246912014715932e+01
2.278985077541226545e+01
2.227001503244327196e+01
2.261074355608008446e+01
2.236742212591340007e+01
2.346671436428423974e+01
2.259063117731586345e+01
2.485654556389816605e+01
2.530047208287146532e+01
2.273784456953941913e+01
2.103612008098916775e+01
2.145684802741029529e+01
2.344965184019581628e+01
2.035852705238415439e+01
2.119210902993289025e+01
2.281852703812702998e+01
2.287350696302045705e+01
2.462553462077783095e+01
2.088721891214475335e+01
2.307905621142797514e+01
2.393619203149831165e+01
2.407427204919256525e+01
2.116304123656507841e+01
2.309069025139353570e+01
2.190852228335486274e+01
2.406905320087075850e+01
2.170660449007516490e+01
2.067009779517740498e+01
2.318894262295125941e+01
2.221720844016948604e+01
2.081986512840733639e+01
2.060600517061418557e+01
2.309386328856847115e+01
2.370110196912080269e+01
2.619331177335448047e+01
2.078770965674803506e+01
2.093432263425292206e+01
2.223856295160210550e+01
2.487853881866197270e+01
2.442051881172431038e+01
2.323011807805767504e+01
2.267858896101624566e+01
2.181230497088751008e+01
2.327971156002560704e+01
2.168995245371947433e+01
2.293809165360637436e+01
2.149008816006978506e+01
2.115140842945620747e+01
2.316112873649280246e+01
2.232647897463625952e+01
2.435851526192410432e+01
2.443228138220196399e+01
2.375586743088449637e+01
2.279570221062575186e+01
2.131638554297127541e+01
2.398322521753615533e+01
2.297286612420176510e+01
2.440796526887512030e+01
2.152816757303162731e+01
2.396379247424784964e+01
2.271507820926198207e+01
2.518682220791382065e+01
2.670114834163862128e+01
2.195723374462373911e+01
2.426398059579095445e+01
2.546165547796088546e+01
2.247805225066907653e+01
2.237191448691470796e+01
2.282371811436260955e+01
2.373940477507079549e+01
2.186581266500701659e+01
2.273792646871038059e+01
2.310783564487134001e+01
2.297131258948922650e+01
2.010364746110254330e+01
2.406619391152706910e+01
2.508764303415806651e+01
2.070460657393027049e+01
2.232906284927532425e+01
2.379819976656406766e+01
2.158216710138159300e+01
2.386950223948334227e+01
2.155064988099016432e+01
2.043711102810029345e+01
2.457987073851117543e+01
2.311596301622043370e+01
2.400724657150012220e+01
1.977643881621657229e+01
2.290181422057198191e+01
2.278049138822670727e+01
2.115077611414381664e+01
2.277416241227629001e+01
2.440624572475672238e+01
2.428611453839935308e+01
2.245352070925849119e+01
2.316405952933648038e+01
2.352139112527052589e+01
2.221193236040632257e+01
1.996112117860104718e+01
2.245399336470366336e+01
2.346570205036077539e+01
2.076057661593574366e+01
2.222218959742478006e+01
2.186111454724773040e+01
2.099795324193408774e+01
2.249784156144909986e+01
2.117932308827569088e+01
2.371131153895788302e+01
2.517227340807733071e+01
2.279927627151008096e+01
2.314865139367450197e+01
2.438734374382472581e+01
2.120739638412054617e+01
2.345366359900607378e+01
2.386509309551153990e+01
2.287560342641043931e+01
2.113188572824711997e+01
2.353279465682895832e+01
2.158813176077454443e+01
2.275324392527745943e+01
2.393857765757084977e+01
2.120826800291615655e+01
2.132055042157098512e+01
2.092630076912135095e+01
2.299429014269986382e+01
2.421535997984796751e+01
2.353686874923126382e+01
2.323368205177213497e+01
2.173418095382718462e+01
2.301262087024127823e+01
2.107607915134984466e+01
2.327614919362691737e+01
2.194319789699630618e+01
2.059017195326108762e+01
2.158408834033636481e+01
2.120582447466290077e+01
2.207092820946579081e+01
2.158433968089140720e+01
2.258429420108877039e+01
2.449948880816821628e+01
2.175463357422298927e+01
2.030971753404946156e+01
2.426462263613859349e+01
2.115594700145044271e+01
2.397241400931329736e+01
2.142425056908486880e+01
2.118483830796194667e+01
2.359496811785631110e+01
2.110272921639050026e+01
2.259576876215323082e+01
2.690882866823422503e+01
2.111023875457457777e+01
2.355329937932653195e+01
2.057343743214167731e+01
2.296998807784050101e+01
1.973460636080785235e+01
2.081501867539421013e+01
2.078813631614567825e+01
2.429668651303619242e+01
2.224406825375238839e+01
2.177061939293999870e+01
2.357536092323818266e+01
2.214854160716511799e+01
2.222752463946735801e+01
2.370990937224965478e+01
2.279048393208612211e+01
2.388913004211675783e+01
2.505381948442802198e+01
2.748164199642707928e+01
2.186241676382193688e+01
2.557546693159533291e+01
2.379875443355649622e+01
2.289868515157485618e+01
2.409388063989874951e+01
2.235086609402809543e+01
2.096029411484331817e+01
2.166031353175485918e+01
2.217704071779329311e+01
2.307604786253470763e+01
2.203491706423906749e+01
2.072499973642742788e+01
2.212365505210242134e+01
2.446401097187851548e+01
2.074791805918496834e+01
2.265636486040328990e+01
2.089653329653776481e+01
2.418318587280027288e+01
2.330066278613176678e+01
2.201057830931554093e+01
2.432487883440886378e+01
2.168023720060285697e+01
2.166839176482275775e+01
2.262497810858540248e+01
2.372063796551937997e+01
2.213631493505408088e+01
2.279539861246221477e+01
2.378119893475749080e+01
2.164202272965088270e+01
2.267446862565236287e+01
2.443074004745211170e+01
2.329696517555967361e+01
2.480995583878903332e+01
2.155071548769109668e+01
2.273533187124196076e+01
2.575726787710959442e+01
2.606594840998102924e+01
2.226143884567703424e+01
2.286218662628490250e+01
2.350804774398968178e+01
2.342748120541650891e+01
2.156498569520323372e+01
2.168478281640698668e+01
2.030290845287481716e+01
2.317683526127844473e+01
2.392460423965917116e+01
2.550227802030048352e+01
2.126093212827404599e+01
2.090297167156429481e+01
2.423691121849660490e+01
2.408414920501492773e+01
2.017924350745780160e+01
2.408017681202413485e+01
2.184505352251972354e+01
2.090609350895033458e+01
2.309219454223550727e+01
2.484408890070346843e+01
2.422959803824608471e+01
2.317782012426754790e+01
2.178271719738922840e+01
2.272294369542993664e+01
2.147786894006799940e+01
2.136592950435000304e+01
2.217181068004853017e+01
2.213515647456558355e+01
2.447291764460561225e+01
2.238869809977830982e+01
2.441013926338951023e+01
2.364522396225607181e+01
2.429765846549021902e+01
2.602168629101384312e+01
2.145425238341209351e+01
2.237997492403542310e+01
2.174856200209897850e+01
2.301214769329325449e+01
2.183235936311366032e+01
2.267210651483964767e+01
2.411431822233084787e+01
2.212832216803410290e+01
2.211288260179424014e+01
2.230719600466268915e+01
2.324766800138277745e+01
2.294183644074322359e+01
2.452817500101726367e+01
2.403561105977506074e+01
2.312689955515210372e+01
2.420330466128458013e+01
2.172769716357852943e+01
2.219745371135233469e+01
2.330483406512389521e+01
2.153040747734229754e+01
2.306303075554944471e+01
2.280124351375184943e+01
2.449841719424406605e+01
2.450696602111134581e+01
2.646384163012661261e+01
2.231259593221426130e+01
2.249728159166884822e+01
1.921869956368943733e+01
2.399822364208074532e+01
2.647932637663040367e+01
2.475150099242726398e+01
2.358820959321571564e+01
2.256453458663688494e+01
2.171350084934810809e+01
2.212217584653420488e+01
2.228458351647337210e+01
2.267117974564236960e+01
2.066076492434329381e+01
2.388364184971618798e+01
2.087497467904934467e+01
2.040832124749614707e+01
2.390393924233704226e+01
2.134746862690164448e+01
2.302776817680966204e+01
2.024880140958473618e+01
2.357879412597810642e+01
2.520708855868109666e+01
1.942593044315369255e+01
2.480264467006918139e+01
2.220734664141951953e+01
2.512514169193592295e+01
2.130390555123421947e+01
2.103653632325979217e+01
2.109885579106788356e+01
2.224615238269623063e+01
2.070811787215108168e+01
2.232025274367122591e+01
2.599642395830803565e+01
2.057774306778143369e+01
2.352699035188543775e+01
2.200131727804692616e+01
2.000405326685912399e+01
2.170028889261844185e+01
2.377240133693334201e+01
2.283536575595280382e+01
2.183453430099313408e+01
2.274037928293568100e+01
2.184867172892587917e+01
2.188700208253562352e+01
2.418984930915741316e+01
2.084497413939323707e+01
2.017798093558579708e+01
2.134961575858935845e+01
2.211596377293663096e+01
2.437091356059972824e+01
2.172099294621392929e+01
2.365907231170015024e+01
2.365651404351651976e+01
2.473168724480092706e+01
2.361283853608914640e+01
2.321729248616910013e+01
2.168238356029397451e+01
1.862329706553562403e+01
2.414739418970359353e+01
2.219621489266990721e+01
2.195559797909705324e+01
1.944436656855354428e+01
2.261682740220560106e+01
2.342965124729700221e+01
2.416806737519176096e+01
2.432355213049141796e+01
2.108080892100954173e+01
2.102389360016695719e+01
2.187068283829871262e+01
2.474043639206898959e+01
2.126980222906791340e+01
2.463526092506046794e+01
2.226033651116877721e+01
2.379605712550869256e+01
2.217019199716090938e+01
2.287204080592411870e+01
2.421172757209865978e+01
2.140609764135786364e+01
2.583725932681481652e+01
2.222578530073837300e+01
2.164340739668887181e+01
2.328071749371062893e+01
2.201855618657166147e+01
2.334475019438252374e+01
2.581198971222912419e+01
2.316920319701169007e+01
2.124235890704706975e+01
2.602928740453724643e+01
2.137788083862930222e+01
2.219983366480617448e+01
2.065339862430314355e+01
2.267410065224478544e+01
2.411271729589640600e+01
2.405841935248503205e+01
2.396600158773946632e+01
2.421071054367854813e+01
2.245473115371998318e+01
2.453243370708384319e+01
2.460611529832137379e+01
2.158765039559690990e+01
2.336364982437007498e+01
2.312350984585655667e+01
2.265779910038335743e+01
2.662653469289404740e+01
2.479725426866330906e+01
2.373112297216975008e+01
2.071480617343813435e+01
1.976605807042868435e+01
2.174168225592100256e+01
2.290658592368633606e+01
2.417742577853353936e+01
2.277822405957027385e+01
2.252790192212322040e+01
2.186269324052080876e+01
2.205902063673723390e+01
2.237261524640092247e+01
2.146910473854322987e+01
2.188668819275656219e+01
2.115578654021576810e+01
2.209118758397624305e+01
2.062231478627854742e+01
2.267495059875682983e+01
2.310909669317587500e+01
1.950554231554936990e+01
2.181185900779343001e+01
1.988681293254393978e+01
2.427930596580066336e+01
2.098629064201447747e+01
2.308640396645002113e+01
2.102616051670786490e+01
2.203673505016509893e+01
2.388820666230393286e+01
2.376410757465183821e+01
2.375995174297847967e+01
2.048358988299203887e+01
2.357335310521754224e+01
2.580457652143870462e+01
2.356509561243977302e+01
2.431106315558727005e+01
2.324412045634153401e+01
2.121924456060214936e+01
2.241695405200876934e+01
2.273054247517873350e+01
1.900793065516393199e+01
2.441685764017572424e+01
2.287070396444483933e+01
2.324406316813085382e+01
2.235794967500032016e+01
2.304921682724381427e+01
2.296591009825259988e+01
2.322697456450912057e+01
2.338795176419649025e+01
2.139574668967245330e+01
2.265759235539855254e+01
2.263879257375442577e+01
2.264304230596884082e+01
2.410161889809819158e+01
2.019111259218876242e+01
2.193630936889687888e+01
2.207882504960413073e+01
2.534456637536268886e+01
2.091593054964725695e+01
2.285584016112633421e+01
2.004342258333533167e+01
2.498385807103181122e+01
2.235548360215468122e+01
2.355390485311814786e+01
2.381705841302584403e+01
2.084349057522067739e+01
2.010383680494936343e+01
2.151379677144420199e+01
2.313268938192842583e+01
2.194447091449288934e+01
2.363552527680058901e+01
2.175858562976040034e+01
2.466488203476538388e+01
2.158275601438732139e+01
2.326156643877492414e+01
2.450889065688663848e+01
2.165947958686026098e+01
2.374521988326577215e+01
2.423811686496424045e+01
2.276193277326727937e+01
2.319372178871075363e+01
2.468263468503559110e+01
1.903381613959429330e+01
2.209688738871793490e+01
2.208697446434899447e+01
2.366433099966743825e+01
2.322440225434476702e+01
2.220355732795430370e+01
2.443738996692494680e+01
2.478170600374146204e+01
2.624120001674244307e+01
2.085805862002186117e+01
2.198229191673433291e+01
2.056251435025208352e+01
2.179010736844389839e+01
2.047888529531692114e+01
2.173833063652599762e+01
2.178561597102689262e+01
2.467462905444170218e+01
2.367137630808784365e+01
2.268995806356102563e+01
2.245992202654066716e+01
2.354611437209200986e+01
2.205038253446982210e+01
2.350636650787565785e+01
2.352412801364544848e+01
2.298606037150026538e+01
2.371424672610676865e+01
2.424055601701643425e+01
2.347633762300710458e+01
2.306651363727284476e+01
2.425274379738094410e+01
2.184645684907325958e+01
2.102543015722243425e+01
2.222063617535133062e+01
2.387799871620424597e+01
2.274200371202740811e+01
2.086633041644400421e+01
2.305977101136134166e+01
2.453779381713222918e+01
2.258718611643059049e+01
2.110452146132274009e+01
2.395102956413975193e+01
2.500326798250409510e+01
2.336940583780472735e+01
1.960587497532398515e+01
2.201595042423278770e+01
2.347684187586648008e+01
2.115342906738446160e+01
2.267896670464519815e+01
2.145066651443923078e+01
2.216065062625730420e+01
2.126594265847184317e+01
2.362273890685662181e+01
2.300076851660445953e+01
2.198014454791842454e+01
2.531724910626478220e+01
2.195926900853874741e+01
2.264182967311977990e+01
2.332029844516114281e+01
2.269345114534262109e+01
2.071941222356164403e+01
2.351453020568461838e+01
2.166762953752881771e+01
2.238444453228433417e+01
2.227684307431087873e+01
2.309996594135262882e+01
2.277608304554044594e+01
2.254854228034959363e+01
2.616567533867063844e+01
2.029690384169430928e+01
2.381324631105117717e+01
2.423231687533817436e+01
2.145705310713125868e+01
2.568259679946557839e+01
2.198901784688397498e+01
2.428817649287992708e+01
2.140041045584693435e+01
2.327004358455287303e+01
1.953203621009378921e+01
2.208790982358362243e+01
2.149885184513311742e+01
2.427623944677826984e+01
2.095770854979227593e+01
2.124440152723666131e+01
2.165966402169548388e+01
2.485407508339075733e+01
2.325023624145926604e+01
2.427723240025717644e+01
2.263651624610335844e+01
2.273606278336410824e+01
2.231317654134473827e+01
2.131585436216861495e+01
2.267941069694704126e+01
2.521806181707569650e+01
2.032054750270427590e+01
2.165413906925795828e+01
2.225677045770956752e+01
2.351314484359543755e+01
2.070776591698711755e+01
2.355724328813978019e+01
2.153967553554253911e+01
2.469720809062267719e+01
2.366242907311873722e+01
2.225598421355683953e+01
2.176825142565035520e+01
2.266217346235443841e+01
2.451700417877913907e+01
2.259230637611981862e+01
2.315687447193200654e+01
2.272823036981695921e+01
2.279548543336030164e+01
2.135099350053313572e+01
2.249283870717714962e+01
2.341201931018623483e+01
2.534213346163721070e+01
2.419168085172424298e+01
2.368333050931017780e+01
1.963340706624550691e+01
2.386017725026167824e+01
2.106298958062096105e+01
2.515708210177422188e+01
2.083039170219089442e+01
2.345019450933245153e+01
2.190712413096721178e+01
2.317248680893934676e+01
2.211143965833158376e+01
2.182904593446281538e+01
2.331935305220486043e+01
2.165867854499173006e+01
2.375744049194283036e+01
2.613452836470359131e+01
2.327537434557898166e+01
2.410442897190374367e+01
2.072807422481338335e+01
2.252476497824756763e+01
2.130432793106163558e+01
2.125521310807837594e+01
2.152233694981509871e+01
2.271531545328340584e+01
